4 0.325938 0.573925 0.028025 0.072581
4 0.388710 0.586358 0.018813 0.054884
4 0.363734 0.587478 0.014272 0.032482
4 0.387737 0.460349 0.028544 0.064964
4 0.423418 0.474910 0.036329 0.091846
4 0.575675 0.470607 0.027042 0.051995
4 0.552935 0.595819 0.028271 0.028650
8 0.296346 0.379881 0.057156 0.093379
4 0.351044 0.608022 0.031344 0.055178
8 0.664175 0.634550 0.057771 0.053056
4 0.689066 0.440896 0.058386 0.075340
8 0.375012 0.392084 0.039948 0.085951
7 0.308945 0.679648 0.027042 0.058362
3 0.588888 0.397390 0.027656 0.105051
2 0.597800 0.499257 0.036875 0.073217
2 0.574446 0.495543 0.019667 0.059423
1 0.494242 0.485993 0.112469 0.150679
5 0.417112 0.639325 0.025813 0.049873
5 0.386997 0.633489 0.024583 0.048812
5 0.520669 0.656303 0.025198 0.068973
