1 0.483699 0.675996 0.151803 0.113852
0 0.511518 0.758420 0.038466 0.098435
0 0.471335 0.763164 0.037779 0.088947
0 0.423940 0.747747 0.043274 0.088947
3 0.542772 0.470232 0.019920 0.112666
4 0.292400 0.652277 0.031597 0.037951
4 0.363837 0.534867 0.026102 0.059298
4 0.466527 0.580527 0.025415 0.053368
4 0.454850 0.574597 0.018546 0.041509
4 0.492972 0.578748 0.026102 0.064042
4 0.564752 0.553250 0.017172 0.034393
4 0.528691 0.570446 0.021980 0.049810
4 0.593945 0.639231 0.027476 0.049810
4 0.407798 0.660579 0.023354 0.052182
3 0.382383 0.738259 0.039840 0.098435
3 0.290340 0.700901 0.075558 0.083017
3 0.336705 0.467861 0.041900 0.105550
2 0.674319 0.610599 0.047821 0.067204
2 0.637342 0.616359 0.027247 0.036482
2 0.628723 0.532354 0.042260 0.056644
2 0.596472 0.528994 0.023354 0.030722
2 0.392678 0.543875 0.013901 0.037442
2 0.344858 0.551075 0.046152 0.074885
2 0.301485 0.528514 0.025022 0.043203
1 0.327620 0.634601 0.073955 0.076805
13 0.492972 0.837287 0.432741 0.149431
