4 0.240283 0.622760 0.031005 0.056004
4 0.741775 0.562276 0.030284 0.031362
4 0.605496 0.585797 0.038937 0.042563
4 0.481114 0.571237 0.041100 0.049283
4 0.412254 0.581877 0.050474 0.063844
4 0.553941 0.576277 0.036774 0.054884
3 0.637222 0.510193 0.024516 0.097446
3 0.487604 0.497872 0.026679 0.101927
2 0.679404 0.609319 0.052637 0.058244
2 0.635420 0.593638 0.032447 0.069444
2 0.719783 0.640681 0.048310 0.062724
6 0.427757 0.447469 0.111763 0.200493
5 0.289675 0.554435 0.024516 0.089606
5 0.708246 0.516353 0.028121 0.076165
7 0.552201 0.461843 0.036533 0.084379
