1 0.239988 0.485216 0.280730 0.536515
1 0.278081 0.489247 0.315557 0.554435
1 0.425843 0.521506 0.435275 0.563172
1 0.459219 0.514785 0.475181 0.552419
1 0.502752 0.505377 0.526696 0.556451
1 0.591271 0.504033 0.620294 0.544355
1 0.738561 0.520161 0.771211 0.551075
1 0.721147 0.506721 0.744365 0.549731
1 0.700831 0.606183 0.729128 0.641129
1 0.403351 0.596774 0.417862 0.637096
1 0.679559 0.505152 0.709187 0.570116
1 0.608816 0.589158 0.636630 0.660842
1 0.392356 0.599239 0.405658 0.642921
1 0.291987 0.571236 0.337335 0.630600
1 0.244221 0.536514 0.276871 0.563396
3 0.237569 0.564516 0.284731 0.659722
2 0.525376 0.589158 0.545330 0.676524
7 0.524772 0.726926 0.562864 0.785170
7 0.738814 0.668683 0.770255 0.706765
2 0.314964 0.495072 0.407472 0.579076
1 0.408077 0.530914 0.420170 0.565636
2 0.643885 0.585797 0.691047 0.657482
2 0.692256 0.570117 0.739418 0.608199
2 0.435285 0.498432 0.459471 0.562276
3 0.432262 0.434588 0.455843 0.498432
3 0.501192 0.376344 0.521144 0.501792
3 0.532632 0.406585 0.556214 0.512992
3 0.651141 0.408826 0.681373 0.500672
3 0.653559 0.667563 0.675931 0.762769
3 0.609421 0.637321 0.633003 0.745968
3 0.382078 0.444668 0.403240 0.502912
10 0.432867 0.390905 0.449192 0.428987
10 0.533237 0.379704 0.559841 0.409946
6 0.662630 0.667563 0.686814 0.698925
6 0.633003 0.658602 0.645699 0.683244
6 0.499982 0.645161 0.509656 0.670923
6 0.617886 0.453629 0.643885 0.479391
6 0.354869 0.469311 0.383287 0.491712
