0 0.430541 0.405745 0.458507 0.545615
5 0.647763 0.682964 0.688085 0.751008
3 0.535899 0.439768 0.558663 0.565776
3 0.582726 0.462450 0.617846 0.546875
3 0.624349 0.671623 0.645161 0.776209
3 0.382414 0.418347 0.407128 0.539315
3 0.356400 0.419607 0.378512 0.520413
3 0.308923 0.378024 0.348595 0.491432
3 0.249740 0.633821 0.309574 0.728327
3 0.351197 0.705645 0.377212 0.803931
2 0.269901 0.515374 0.303721 0.599799
2 0.387618 0.628780 0.421437 0.689264
2 0.459808 0.596019 0.478018 0.638861
2 0.516389 0.578377 0.541753 0.636341
2 0.595734 0.631301 0.617196 0.681704
2 0.611342 0.621220 0.639308 0.671623
2 0.628903 0.623741 0.652315 0.674144
1 0.299818 0.492692 0.409730 0.622480
2 0.651015 0.607359 0.688735 0.643901
1 0.425338 0.539314 0.476066 0.630040
1 0.524844 0.443549 0.753122 0.651462
1 0.286810 0.575856 0.393470 0.740927
