0 0.678487 0.331317 0.044402 0.149194
0 0.626800 0.370968 0.039545 0.145161
0 0.585521 0.399194 0.043014 0.163978
0 0.377735 0.395833 0.040933 0.138441
0 0.346168 0.377688 0.041627 0.155914
0 0.677446 0.684812 0.040933 0.133065
0 0.645879 0.715726 0.047177 0.143817
0 0.615700 0.729167 0.043708 0.119624
0 0.357615 0.752688 0.067296 0.134409
0 0.313908 0.730511 0.058971 0.119624
3 0.427340 0.454301 0.031914 0.118280
3 0.451275 0.462366 0.028445 0.112903
1 0.536263 0.557796 0.037464 0.099462
1 0.571298 0.534946 0.064521 0.107527
1 0.351372 0.494624 0.096435 0.169355
1 0.420055 0.532258 0.067296 0.139785
1 0.352412 0.614919 0.113779 0.130376
2 0.450928 0.551075 0.037464 0.102151
