0 0.345978 0.421608 0.046709 0.110294
0 0.299613 0.410935 0.032284 0.115038
0 0.272481 0.404412 0.039840 0.106736
0 0.715181 0.710982 0.040527 0.131641
0 0.684615 0.732329 0.052204 0.112666
0 0.650613 0.740038 0.044648 0.106736
3 0.622108 0.466675 0.030223 0.119782
3 0.397838 0.444141 0.029536 0.150617
3 0.505336 0.463117 0.024728 0.129269
3 0.460002 0.473197 0.023354 0.109108
3 0.575399 0.768501 0.028849 0.144687
3 0.489538 0.726399 0.028849 0.124526
3 0.346665 0.705645 0.042587 0.128083
3 0.302360 0.673624 0.047395 0.083017
2 0.266299 0.570446 0.042587 0.073529
2 0.315068 0.607804 0.067315 0.053368
2 0.576773 0.666509 0.048082 0.066414
2 0.748152 0.576969 0.048769 0.043880
7 0.293774 0.723435 0.050830 0.052182
13 0.245692 0.774431 0.148368 0.149431
13 0.695948 0.792220 0.142186 0.128083
13 0.677059 0.325546 0.096165 0.176708
13 0.559257 0.276921 0.073497 0.224146
13 0.396121 0.237785 0.096165 0.236006
13 0.291714 0.308349 0.119519 0.104364
1 0.310603 0.521229 0.142186 0.148245
1 0.635502 0.552064 0.217744 0.136385
1 0.507054 0.572818 0.046022 0.092505
1 0.468588 0.563330 0.052891 0.094877
1 0.432526 0.559179 0.043961 0.081831
1 0.399212 0.559179 0.046022 0.103178
