4 0.718957 0.610917 0.064191 0.082721
4 0.532319 0.550285 0.037410 0.056926
4 0.601413 0.511148 0.029012 0.049810
9 0.742273 0.651091 0.041991 0.035579
8 0.562095 0.459559 0.035883 0.096063
5 0.535373 0.692007 0.020614 0.055740
5 0.559804 0.689042 0.023667 0.061670
5 0.591870 0.687263 0.019087 0.043880
5 0.621645 0.679554 0.019087 0.037951
5 0.470097 0.697936 0.024431 0.050996
5 0.438031 0.680740 0.018323 0.035579
5 0.503689 0.492766 0.019850 0.062856
8 0.611338 0.435840 0.036646 0.098435
8 0.452919 0.441769 0.032829 0.115038
8 0.302134 0.416271 0.036646 0.066414
