4 0.643555 0.588709 0.707391 0.669355
4 0.316597 0.614248 0.344621 0.659946
4 0.280786 0.571237 0.307254 0.614247
4 0.223180 0.427419 0.258211 0.473118
2 0.502652 0.513441 0.522114 0.575269
2 0.490197 0.520162 0.508101 0.561828
2 0.573493 0.486559 0.608525 0.568549
2 0.594512 0.486559 0.631879 0.565860
2 0.712061 0.547044 0.754099 0.596774
2 0.691821 0.591398 0.725295 0.626344
2 0.557145 0.663978 0.590619 0.720430
2 0.398336 0.653226 0.437260 0.720430
2 0.374204 0.615591 0.395223 0.678763
2 0.345400 0.610215 0.375760 0.680107
2 0.232521 0.526882 0.294021 0.587366
2 0.296356 0.571237 0.368754 0.638441
3 0.339950 0.665323 0.370311 0.775537
3 0.271445 0.629032 0.337615 0.747312
3 0.685594 0.663979 0.740086 0.760753
3 0.602297 0.372312 0.641999 0.483870
3 0.577385 0.364248 0.606967 0.495968
4 0.318153 0.450269 0.341507 0.485215
6 0.132098 0.529570 0.235634 0.674732
