4 0.289653 0.512927 0.050830 0.067600
4 0.305451 0.460152 0.039840 0.056926
4 0.649583 0.552064 0.026102 0.050996
4 0.386504 0.551471 0.030223 0.047438
4 0.430809 0.511741 0.032284 0.058112
4 0.616956 0.525972 0.032284 0.079459
4 0.577116 0.596537 0.028162 0.054554
4 0.442486 0.579341 0.030910 0.055740
4 0.723080 0.479720 0.017859 0.034393
4 0.296178 0.407377 0.019920 0.039137
4 0.565096 0.527158 0.019233 0.058112
4 0.577460 0.530716 0.021980 0.029649
8 0.335674 0.588235 0.059073 0.092505
4 0.458971 0.516485 0.019920 0.036765
4 0.509801 0.503439 0.024041 0.043880
7 0.376544 0.692600 0.032284 0.054554
7 0.547580 0.716912 0.048769 0.079459
8 0.609744 0.631523 0.039840 0.074715
6 0.752960 0.587049 0.105094 0.116224
