4 0.264706 0.564516 0.077069 0.112903
4 0.296234 0.602823 0.065392 0.076613
4 0.432500 0.532034 0.041519 0.076165
4 0.541162 0.581317 0.018813 0.044803
4 0.571328 0.581317 0.025949 0.044803
4 0.471748 0.586358 0.020111 0.054884
4 0.513915 0.600358 0.021408 0.053763
4 0.634255 0.656362 0.048006 0.071685
4 0.602791 0.658042 0.025300 0.043683
4 0.568409 0.668683 0.033085 0.060484
4 0.435743 0.691644 0.044114 0.054884
7 0.438987 0.799171 0.057088 0.104167
7 0.209986 0.613799 0.054493 0.094086
4 0.739349 0.478271 0.022057 0.047043
4 0.345894 0.533714 0.027895 0.050403
9 0.274858 0.660282 0.040221 0.059364
7 0.649061 0.799206 0.041600 0.057334
