0 0.673777 0.416667 0.041045 0.103047
0 0.637935 0.423947 0.042201 0.097446
0 0.610186 0.438508 0.046826 0.119848
3 0.590242 0.518033 0.028905 0.157930
3 0.323159 0.427307 0.039311 0.075045
3 0.594288 0.781250 0.020812 0.063844
2 0.565094 0.609319 0.020234 0.062724
2 0.338767 0.607639 0.027749 0.070565
4 0.308995 0.618280 0.020234 0.044803
4 0.353509 0.636761 0.030639 0.057124
4 0.401202 0.661962 0.026593 0.040323
7 0.577523 0.422267 0.047404 0.076165
7 0.328362 0.390905 0.061279 0.078405
9 0.720025 0.604279 0.017921 0.036962
1 0.635334 0.679323 0.122558 0.234095
1 0.363626 0.535394 0.163025 0.215054
