6 0.211282 0.371205 0.316640 0.512333
4 0.268269 0.497581 0.290074 0.544355
4 0.654523 0.488710 0.674769 0.560484
4 0.671539 0.510512 0.693789 0.550836
4 0.285880 0.664602 0.317400 0.715005
1 0.458314 0.478111 0.567244 0.609159
1 0.594129 0.609159 0.642337 0.698445
1 0.435137 0.606999 0.602936 0.729407
1 0.246015 0.568836 0.426331 0.707086
5 0.287733 0.694125 0.347529 0.738047
5 0.265020 0.673963 0.292832 0.735887
5 0.364680 0.690523 0.392956 0.762529
5 0.622869 0.688364 0.638165 0.736607
5 0.591348 0.691964 0.611280 0.754608
5 0.662268 0.451469 0.692862 0.514833
5 0.612671 0.449309 0.644191 0.509073
5 0.381831 0.455790 0.407789 0.530675
5 0.433283 0.444989 0.454605 0.509793
3 0.569098 0.364343 0.586712 0.478830
8 0.576515 0.399626 0.629358 0.534995
8 0.740279 0.606855 0.775322 0.651209
8 0.725354 0.637096 0.769482 0.689515
