6 0.452102 0.803487 0.076245 0.214658
6 0.734757 0.451850 0.064568 0.154175
6 0.270420 0.437026 0.082427 0.160104
6 0.239853 0.670659 0.088609 0.143501
7 0.703161 0.793999 0.034344 0.053368
3 0.338765 0.490987 0.051517 0.113852
3 0.386848 0.496917 0.033658 0.104364
3 0.675685 0.775617 0.056325 0.116224
2 0.384100 0.584677 0.039153 0.061670
2 0.611461 0.598316 0.021294 0.048624
2 0.627603 0.594165 0.020607 0.037951
2 0.643401 0.582898 0.024728 0.036765
2 0.668816 0.591200 0.048082 0.060484
2 0.652331 0.683112 0.049456 0.075901
2 0.696292 0.657021 0.043961 0.066414
4 0.518731 0.604246 0.022667 0.053368
