6 0.265606 0.374328 0.061500 0.130376
4 0.697660 0.461694 0.036588 0.079301
4 0.715315 0.595178 0.030652 0.037802
2 0.663498 0.490591 0.036978 0.110887
2 0.721640 0.540995 0.055953 0.065524
2 0.704611 0.512013 0.040383 0.054603
2 0.399790 0.635081 0.025300 0.055444
2 0.430685 0.612819 0.039410 0.056284
2 0.300047 0.555696 0.042816 0.063004
1 0.359893 0.513693 0.159587 0.111727
1 0.341647 0.617440 0.076388 0.110887
1 0.634548 0.588038 0.076388 0.065524
1 0.608761 0.507812 0.073469 0.083165
9 0.650361 0.644741 0.028220 0.027722
8 0.693664 0.630040 0.063251 0.115927
8 0.708504 0.624160 0.043303 0.072245
