9 0.768817 0.561551 0.032382 0.053368
4 0.750559 0.504625 0.055117 0.041509
4 0.753659 0.488615 0.042027 0.047438
4 0.223154 0.510555 0.044783 0.067600
4 0.260703 0.507590 0.027559 0.042694
4 0.308930 0.553250 0.045472 0.072343
7 0.257258 0.648126 0.034448 0.062856
7 0.282061 0.674217 0.037204 0.055740
7 0.685796 0.629744 0.023425 0.045066
7 0.667194 0.674810 0.037204 0.030835
4 0.424333 0.518857 0.022736 0.036765
8 0.724034 0.457780 0.050295 0.092505
8 0.686141 0.457187 0.048917 0.112666
8 0.716800 0.544948 0.053740 0.086575
8 0.699920 0.565702 0.059940 0.085389
8 0.671672 0.599502 0.047539 0.060484
8 0.247957 0.574597 0.061318 0.050996
8 0.343723 0.473790 0.037893 0.081831
8 0.305830 0.479720 0.069586 0.107922
