8 0.266668 0.478830 0.310472 0.554435
8 0.350220 0.662802 0.392402 0.735888
4 0.341298 0.506552 0.377800 0.577117
4 0.393213 0.510333 0.422415 0.584677
4 0.557072 0.483871 0.578163 0.533014
4 0.684427 0.500252 0.711197 0.534274
4 0.673070 0.529234 0.702273 0.561996
4 0.579784 0.612399 0.610610 0.665323
4 0.601687 0.628780 0.621967 0.669104
4 0.542471 0.530494 0.561939 0.568296
4 0.562751 0.529234 0.579785 0.558216
8 0.513268 0.410786 0.548960 0.540574
5 0.470276 0.640121 0.491366 0.695565
5 0.444318 0.651462 0.467031 0.701865
5 0.569240 0.667843 0.596009 0.740928
