4 0.515201 0.528514 0.541057 0.590438
4 0.275820 0.550115 0.321694 0.623560
4 0.321694 0.568836 0.353390 0.609160
4 0.603614 0.578917 0.624466 0.626440
6 0.205757 0.345622 0.286663 0.455069
6 0.124851 0.531394 0.219102 0.671083
6 0.702035 0.324021 0.763757 0.479551
6 0.752080 0.538594 0.844663 0.684043
2 0.278322 0.519873 0.313354 0.568837
2 0.660331 0.516993 0.696196 0.574597
13 0.589435 0.459390 0.645317 0.540034
13 0.601112 0.610598 0.635309 0.685484
13 0.330869 0.689804 0.511864 0.816532
13 0.295003 0.761808 0.471828 0.905818
13 0.299175 0.619240 0.334206 0.689805
13 0.310852 0.430588 0.361731 0.506912
