6 0.160902 0.584678 0.234856 0.745968
6 0.697271 0.357527 0.782903 0.485215
3 0.673916 0.431452 0.715954 0.522850
3 0.706611 0.407258 0.750206 0.498656
3 0.633435 0.439516 0.672359 0.547044
3 0.333723 0.700268 0.360191 0.803764
2 0.328273 0.668011 0.362526 0.712365
2 0.652119 0.620968 0.697271 0.713710
2 0.623315 0.553763 0.652897 0.603494
2 0.645112 0.536291 0.688708 0.606183
2 0.717511 0.489247 0.756435 0.580645
2 0.276115 0.607527 0.298691 0.661291
9 0.686372 0.696237 0.711282 0.743279
5 0.522892 0.694892 0.550917 0.751344
5 0.558702 0.701613 0.577385 0.740591
5 0.589841 0.698925 0.610081 0.744623
5 0.621758 0.697580 0.641220 0.737904
5 0.658347 0.690860 0.683257 0.740591
5 0.400672 0.701613 0.417798 0.736559
5 0.355520 0.702957 0.381210 0.745968
5 0.445823 0.490592 0.466063 0.537635
5 0.473069 0.498656 0.491752 0.545698
5 0.542354 0.493279 0.565708 0.541666
5 0.574271 0.495967 0.593733 0.541666
9 0.233299 0.666667 0.263661 0.719086
