0 0.661596 0.198253 0.713484 0.388105
0 0.611467 0.231854 0.673909 0.403226
0 0.562217 0.255377 0.622020 0.418347
0 0.527919 0.277218 0.591240 0.445229
0 0.481306 0.283938 0.525280 0.462029
0 0.452285 0.288978 0.497137 0.472110
0 0.382807 0.282259 0.441731 0.456989
0 0.351146 0.252016 0.395120 0.450269
0 0.313331 0.236895 0.353786 0.423387
0 0.269357 0.223454 0.317727 0.384744
0 0.224505 0.201613 0.276393 0.374664
0 0.185809 0.593078 0.266719 0.784610
0 0.258804 0.628360 0.313330 0.853494
0 0.315089 0.663643 0.366977 0.835013
0 0.635212 0.618280 0.683582 0.776210
0 0.687979 0.606519 0.741626 0.757729
3 0.581565 0.672044 0.611467 0.752689
3 0.401276 0.695565 0.425901 0.771169
3 0.370495 0.675403 0.387205 0.752688
1 0.618502 0.502352 0.732832 0.623320
1 0.559580 0.562837 0.635213 0.673724
1 0.366977 0.584677 0.447887 0.700605
1 0.235058 0.500672 0.371374 0.682124
1 0.191965 0.462030 0.244733 0.586358
1 0.201639 0.346102 0.760975 0.588037
