0 0.448101 0.645161 0.486473 0.792590
0 0.424687 0.660282 0.454604 0.803931
0 0.593783 0.633821 0.634105 0.764869
0 0.553460 0.325101 0.600286 0.458669
0 0.589229 0.330141 0.622398 0.446068
0 0.617846 0.331400 0.660120 0.433468
0 0.306972 0.643901 0.351196 0.768649
2 0.303069 0.520413 0.337538 0.604838
2 0.355098 0.578377 0.388918 0.643901
2 0.384366 0.587198 0.411681 0.636340
2 0.315426 0.449849 0.336238 0.487651
2 0.303069 0.438508 0.312175 0.470010
2 0.336238 0.464969 0.355100 0.512852
2 0.357700 0.467490 0.402575 0.536794
2 0.386967 0.488911 0.411681 0.538054
2 0.415582 0.483870 0.434443 0.527973
2 0.430540 0.487651 0.453303 0.541834
2 0.467612 0.493951 0.483871 0.549395
2 0.476067 0.485131 0.507935 0.567036
2 0.513788 0.490171 0.534600 0.543095
2 0.656218 0.428428 0.675079 0.471270
2 0.627602 0.525453 0.668574 0.582157
1 0.583377 0.545616 0.625651 0.631301
1 0.323881 0.564516 0.364204 0.642641
1 0.574272 0.414567 0.665323 0.550655
3 0.401274 0.318800 0.420786 0.496472
