2 0.683964 0.567036 0.727395 0.621220
2 0.581310 0.616179 0.618160 0.676663
2 0.277953 0.548135 0.316119 0.631300
2 0.316119 0.544354 0.360866 0.596017
2 0.406271 0.536794 0.432593 0.589718
2 0.425354 0.517893 0.453650 0.578377
2 0.466153 0.549396 0.483920 0.625000
2 0.480630 0.555696 0.504320 0.622480
2 0.605000 0.520413 0.641192 0.590978
2 0.530641 0.645161 0.551041 0.690524
2 0.543802 0.551915 0.563543 0.613659
1 0.512216 0.534274 0.555647 0.617439
3 0.514848 0.438508 0.539196 0.526714
3 0.491159 0.680444 0.513532 0.779990
3 0.516823 0.679183 0.532616 0.793851
