4 0.258512 0.451109 0.279452 0.507813
4 0.375650 0.519153 0.394628 0.551915
4 0.729030 0.545615 0.777456 0.642641
4 0.726412 0.449849 0.768294 0.505293
4 0.761750 0.447328 0.784000 0.492692
2 0.271599 0.467489 0.327225 0.543094
2 0.391356 0.504032 0.447634 0.572076
2 0.611237 0.522933 0.641993 0.575856
2 0.643957 0.550655 0.714633 0.632561
2 0.761750 0.510333 0.799706 0.585938
2 0.632177 0.497732 0.682566 0.570817
1 0.673405 0.477570 0.728375 0.551916
7 0.751950 0.692204 0.778320 0.734020
7 0.820978 0.613800 0.837264 0.650389
7 0.687963 0.333782 0.726743 0.392772
