4 0.340194 0.475569 0.368026 0.540797
4 0.321640 0.476755 0.346997 0.537239
4 0.746533 0.639232 0.774363 0.687856
4 0.624692 0.518263 0.650050 0.558587
4 0.692724 0.608397 0.726122 0.668881
4 0.227632 0.595351 0.251134 0.639231
2 0.648195 0.521821 0.685303 0.589421
2 0.288860 0.494545 0.337720 0.553843
2 0.705094 0.611954 0.761994 0.690227
2 0.637061 0.604838 0.700765 0.673624
2 0.656235 0.647533 0.690870 0.704459
2 0.676644 0.495731 0.730451 0.587050
3 0.682829 0.404412 0.733545 0.506404
3 0.274017 0.658207 0.346997 0.782733
1 0.298756 0.568074 0.365552 0.655834
6 0.753361 0.593750 0.850616 0.734880
