3 0.513279 0.388811 0.018465 0.129892
3 0.549030 0.394223 0.015322 0.104080
3 0.582816 0.400051 0.020036 0.114072
1 0.512100 0.480401 0.016107 0.051624
1 0.542213 0.468864 0.010882 0.048053
6 0.639428 0.448626 0.024515 0.027061
6 0.695097 0.426978 0.016343 0.055204
6 0.493361 0.441049 0.014300 0.042215
6 0.433606 0.585554 0.012257 0.041132
6 0.576353 0.580683 0.036261 0.035720
6 0.400919 0.582307 0.014300 0.034638
6 0.374106 0.583389 0.014811 0.032473
6 0.425179 0.445920 0.011747 0.032473
6 0.454545 0.448085 0.008172 0.036803
6 0.531410 0.422648 0.014811 0.035720
6 0.562308 0.430225 0.008172 0.037885
6 0.600358 0.433472 0.012768 0.042215
6 0.527579 0.569859 0.008172 0.031391
6 0.461440 0.572565 0.007661 0.021649
6 0.495148 0.579060 0.024004 0.023814