2 0.703187 0.557401 0.728580 0.602467
2 0.734774 0.559772 0.755212 0.606024
2 0.646209 0.565702 0.696995 0.628558
2 0.608429 0.576376 0.637539 0.627372
2 0.565696 0.494545 0.583656 0.546727
2 0.555786 0.513520 0.571889 0.544354
2 0.501285 0.521822 0.519245 0.570446
2 0.491375 0.518263 0.508097 0.551470
2 0.449261 0.508776 0.472795 0.564516
2 0.420152 0.489800 0.451118 0.571631
2 0.381134 0.577562 0.411482 0.635674
2 0.343974 0.572818 0.381134 0.684298
2 0.289472 0.528937 0.355741 0.603653
2 0.589850 0.597723 0.626390 0.661765
2 0.672221 0.458966 0.714955 0.521822
2 0.402811 0.564516 0.436255 0.634488
3 0.395999 0.372391 0.415197 0.462524
3 0.618339 0.375949 0.638777 0.468453
3 0.646828 0.385437 0.661073 0.437619
7 0.386707 0.339184 0.421391 0.396110
1 0.718051 0.413899 0.762024 0.512335
1 0.614622 0.434061 0.679033 0.550285
1 0.294428 0.426945 0.426965 0.559773
