6 0.211621 0.564516 0.301115 0.701325
6 0.722262 0.558756 0.820028 0.686924
4 0.671875 0.564516 0.731287 0.656682
4 0.297355 0.570276 0.343982 0.625000
4 0.299611 0.620679 0.313900 0.643721
4 0.342478 0.576037 0.370304 0.640841
4 0.644802 0.505472 0.668114 0.558755
4 0.381602 0.492831 0.415528 0.543234
4 0.366394 0.495072 0.384526 0.526434
4 0.276900 0.482751 0.307316 0.528674
4 0.392131 0.590278 0.428981 0.661963
9 0.689858 0.648522 0.729048 0.716846
9 0.358205 0.650761 0.376923 0.694444
7 0.716765 0.720206 0.747181 0.775090
2 0.351771 0.575716 0.399149 0.658602
2 0.327203 0.488352 0.354110 0.542115
2 0.629026 0.511872 0.655348 0.563395
2 0.664122 0.515234 0.710916 0.563396
2 0.616158 0.575717 0.684594 0.675403
3 0.661285 0.656082 0.702085 0.756048
3 0.329632 0.639281 0.369116 0.730007
