3 0.461547 0.409526 0.483920 0.519153
3 0.483920 0.407006 0.504320 0.519154
3 0.515506 0.413306 0.535906 0.533014
3 0.736608 0.583417 0.780698 0.656502
3 0.380607 0.665322 0.414825 0.778729
4 0.277952 0.511593 0.327305 0.603579
4 0.292430 0.459929 0.331254 0.522933
4 0.696468 0.458669 0.732002 0.522933
2 0.657644 0.505293 0.708970 0.574597
2 0.698441 0.543095 0.739899 0.619959
2 0.370078 0.516633 0.393768 0.578377
2 0.405613 0.519153 0.444437 0.577117
2 0.387188 0.596018 0.422064 0.657762
2 0.336519 0.558215 0.373369 0.636340
2 0.312171 0.490172 0.343757 0.538054
1 0.517480 0.509073 0.606974 0.612399
1 0.457598 0.510333 0.514190 0.613660
