8 0.327305 0.720766 0.368105 0.788810
4 0.401664 0.603579 0.417458 0.655242
2 0.393110 0.652722 0.427328 0.691784
2 0.687914 0.410786 0.739240 0.471270
2 0.628031 0.454889 0.687255 0.524193
2 0.704364 0.468750 0.755034 0.567036
2 0.579336 0.607359 0.609606 0.677924
2 0.496422 0.502773 0.515505 0.551916
2 0.512875 0.511593 0.535906 0.559475
2 0.522744 0.521674 0.543802 0.556956
2 0.546434 0.495211 0.560911 0.543094
2 0.554331 0.509073 0.569465 0.543095
2 0.336518 0.454889 0.357575 0.491431
2 0.339150 0.468750 0.389161 0.533014
2 0.348364 0.449849 0.386530 0.496472
2 0.275321 0.422127 0.323358 0.505293
2 0.478655 0.510332 0.500370 0.565776
3 0.477997 0.384325 0.504977 0.511593
3 0.353627 0.351562 0.403639 0.454889
3 0.401006 0.371723 0.424038 0.454889
1 0.385872 0.464970 0.426013 0.531754
1 0.587890 0.519153 0.720815 0.667843
1 0.597104 0.454889 0.639876 0.529234
1 0.319410 0.538055 0.418774 0.669103
