2 0.320910 0.498103 0.364640 0.571631
2 0.390508 0.527751 0.433006 0.583491
2 0.670132 0.432874 0.716942 0.523007
2 0.637488 0.499289 0.668284 0.541983
2 0.618395 0.518263 0.635641 0.559773
2 0.645495 0.545541 0.692921 0.601281
2 0.656581 0.589422 0.690457 0.629744
2 0.695384 0.523007 0.737266 0.585863
2 0.295041 0.557400 0.340003 0.625000
2 0.341235 0.581119 0.399131 0.649905
7 0.330312 0.726723 0.364580 0.777126
6 0.244169 0.338160 0.309372 0.476540
6 0.728191 0.292339 0.791015 0.448131
6 0.741042 0.513197 0.820047 0.670821
6 0.203238 0.535191 0.289858 0.709311
3 0.314607 0.652492 0.377429 0.746884
2 0.428047 0.618549 0.450244 0.655645
2 0.397473 0.607258 0.428467 0.646774
3 0.661162 0.614920 0.714262 0.714286
