6 0.322621 0.601655 0.025484 0.027589
6 0.692140 0.599003 0.048703 0.035017
6 0.610308 0.617042 0.015290 0.032895
6 0.733198 0.557088 0.014158 0.029711
6 0.407568 0.663731 0.016423 0.039261
6 0.371041 0.653120 0.020387 0.079584
6 0.478074 0.648345 0.006796 0.040323
6 0.456271 0.662670 0.011893 0.043506
6 0.431919 0.660548 0.010760 0.024406
6 0.520264 0.643570 0.013025 0.041384
6 0.494497 0.639325 0.005663 0.022284
6 0.462217 0.490768 0.009061 0.030772
6 0.435034 0.493952 0.005663 0.026528
6 0.493931 0.486524 0.013592 0.028650
7 0.537254 0.353884 0.026617 0.047750
7 0.437016 0.745968 0.015290 0.027589
7 0.486002 0.723154 0.016989 0.032895
10 0.567268 0.372984 0.022086 0.030772
3 0.566985 0.415959 0.014724 0.070034
3 0.390295 0.671689 0.019255 0.106112
2 0.404736 0.591575 0.068524 0.077462
1 0.413514 0.527907 0.015857 0.041384
4 0.555659 0.601125 0.012459 0.024406
8 0.564437 0.450976 0.034545 0.123090
8 0.531024 0.428693 0.026617 0.091256