6 0.198859 0.580897 0.293617 0.742187
6 0.768094 0.535535 0.833326 0.676664
7 0.621837 0.679183 0.657543 0.742187
4 0.720028 0.497732 0.765348 0.614919
4 0.279884 0.524193 0.315590 0.579637
4 0.317649 0.412046 0.343743 0.459929
4 0.378076 0.545616 0.423395 0.628780
4 0.415154 0.556956 0.443307 0.633821
4 0.316964 0.570817 0.340996 0.613660
3 0.380136 0.596019 0.406915 0.739667
3 0.419275 0.597279 0.442621 0.734627
3 0.367775 0.349042 0.390435 0.447328
3 0.293617 0.344001 0.321083 0.447329
3 0.461160 0.338962 0.480386 0.472530
2 0.442621 0.579637 0.480387 0.675403
2 0.569652 0.451109 0.604670 0.529234
2 0.529139 0.457410 0.572398 0.530494
2 0.493434 0.459930 0.522273 0.496472
2 0.486567 0.473790 0.501673 0.507812
2 0.452234 0.463710 0.469400 0.522934
2 0.467341 0.463710 0.487254 0.527974
2 0.435755 0.464969 0.451547 0.512852
2 0.418588 0.443548 0.452920 0.507812
8 0.389748 0.351562 0.420648 0.444808
4 0.624584 0.448589 0.650676 0.493952
1 0.612910 0.564516 0.656856 0.662802
