4 0.742206 0.460151 0.784320 0.537238
4 0.681397 0.538381 0.717273 0.576463
5 0.403753 0.614546 0.427150 0.734020
5 0.529774 0.628558 0.547115 0.729364
5 0.548354 0.627371 0.561979 0.722249
5 0.571269 0.622629 0.587372 0.696157
5 0.503143 0.619070 0.516768 0.697344
5 0.474034 0.634488 0.495710 0.693786
5 0.442448 0.632116 0.457931 0.686670
5 0.408385 0.421015 0.423249 0.477941
5 0.286377 0.380693 0.314866 0.418644
9 0.718671 0.579934 0.744683 0.627372
8 0.622055 0.614326 0.659215 0.680740
8 0.252313 0.538425 0.301239 0.600095
8 0.265319 0.544355 0.315485 0.613141
1 0.265938 0.430503 0.451738 0.591793
3 0.417675 0.360531 0.441209 0.485057
