4 0.240305 0.461190 0.055972 0.083165
4 0.774469 0.506552 0.048671 0.068044
4 0.745672 0.598538 0.038126 0.060484
4 0.778931 0.564516 0.062461 0.065524
4 0.254906 0.586568 0.025147 0.049143
6 0.196501 0.576487 0.114377 0.122228
7 0.819084 0.653352 0.056783 0.086946
7 0.281269 0.717616 0.038937 0.084425
7 0.322234 0.736517 0.052727 0.064264
7 0.671449 0.392515 0.053538 0.054183
4 0.645491 0.619330 0.025958 0.039062
3 0.682400 0.439138 0.054349 0.084425
8 0.336024 0.689264 0.054349 0.095766
8 0.302766 0.665953 0.051105 0.094506
