2 0.507728 0.618699 0.534730 0.690524
2 0.482913 0.616179 0.509187 0.657762
2 0.482913 0.564516 0.517945 0.611140
4 0.456640 0.560736 0.477805 0.597278
4 0.628876 0.656503 0.650771 0.704385
4 0.598224 0.632560 0.609171 0.676663
4 0.501158 0.569557 0.536189 0.614920
4 0.257398 0.497732 0.283672 0.544355
5 0.298998 0.433468 0.330380 0.536794
5 0.452261 0.686744 0.468317 0.728326
5 0.478534 0.682964 0.493860 0.725807
5 0.501158 0.691784 0.512105 0.723286
5 0.523054 0.688004 0.534730 0.724546
5 0.544947 0.679184 0.558814 0.723287
5 0.575601 0.682964 0.588738 0.713206
