2 0.294815 0.506272 0.431706 0.588037
2 0.599680 0.594758 0.649294 0.650762
3 0.608646 0.650762 0.663044 0.751568
3 0.669619 0.635080 0.708475 0.711245
3 0.674999 0.400985 0.697715 0.483870
1 0.333670 0.591398 0.358776 0.653002
1 0.387470 0.602599 0.406598 0.638441
1 0.466375 0.546594 0.485504 0.585798
1 0.664837 0.483871 0.695323 0.547715
1 0.652882 0.581317 0.683966 0.640681
8 0.631960 0.431227 0.665434 0.545474
6 0.334267 0.477150 0.348017 0.502912
6 0.340245 0.654122 0.356983 0.674284
6 0.646306 0.637321 0.663044 0.666443
