3 0.756623 0.666583 0.060028 0.093246
3 0.650358 0.715726 0.042182 0.088206
3 0.621967 0.481981 0.021091 0.122228
3 0.587491 0.490801 0.031636 0.102067
3 0.556261 0.477571 0.030825 0.138609
3 0.470275 0.502772 0.032447 0.070565
3 0.426066 0.487021 0.025147 0.114667
3 0.368877 0.502142 0.025958 0.069304
9 0.660903 0.507182 0.034070 0.071825
9 0.732693 0.638231 0.026769 0.039062
2 0.660498 0.559476 0.033259 0.047883
2 0.629673 0.559476 0.030014 0.055444
2 0.592358 0.561996 0.041370 0.055444
2 0.556666 0.565146 0.036503 0.066784
2 0.459730 0.637601 0.038937 0.045363
1 0.389968 0.663432 0.120055 0.084425
1 0.691728 0.616179 0.149258 0.153730
1 0.368472 0.560106 0.244166 0.134829
1 0.520569 0.566406 0.040559 0.081905
