6 0.221714 0.366263 0.077008 0.125000
6 0.756447 0.383737 0.071817 0.119624
6 0.829994 0.592742 0.075278 0.102151
6 0.148167 0.596774 0.083930 0.134409
4 0.269737 0.544355 0.058838 0.080645
4 0.753851 0.520833 0.051050 0.068548
4 0.696311 0.545699 0.051916 0.061828
4 0.711020 0.640457 0.064029 0.098118
4 0.759042 0.587366 0.051050 0.086022
4 0.624062 0.571237 0.037206 0.061828
4 0.486052 0.602151 0.032880 0.051075
4 0.444520 0.603495 0.032880 0.053763
4 0.372270 0.575941 0.025093 0.041667
4 0.353234 0.568548 0.019901 0.037634
4 0.232098 0.594758 0.066625 0.079301
4 0.283148 0.655242 0.059703 0.079301
4 0.325979 0.571909 0.020766 0.028226
4 0.209601 0.512097 0.028554 0.037634
6 0.583394 0.476478 0.071817 0.213710
9 0.731766 0.691320 0.043035 0.073217
9 0.198605 0.655242 0.040986 0.051995
9 0.265549 0.693442 0.040986 0.051995
10 0.241888 0.715222 0.029852 0.047379
