3 0.336128 0.472252 0.027946 0.107780
3 0.570175 0.460037 0.024065 0.126462
3 0.614035 0.452133 0.023288 0.119277
4 0.658800 0.491047 0.022124 0.032993
4 0.673550 0.488203 0.015978 0.031855
4 0.424349 0.626431 0.021509 0.053471
1 0.608714 0.543949 0.167773 0.125145
5 0.520219 0.694692 0.016593 0.042094
5 0.500246 0.699243 0.012291 0.030717
5 0.479351 0.699811 0.013520 0.031855
5 0.455998 0.699243 0.015978 0.032993
5 0.545415 0.695830 0.012906 0.035268
5 0.596731 0.673645 0.012291 0.034130
5 0.425885 0.682746 0.009833 0.034130
5 0.399459 0.669663 0.013520 0.042094
5 0.673242 0.662268 0.025197 0.040957
