5 0.528761 0.607687 0.549410 0.674583
5 0.553097 0.606322 0.569321 0.669122
5 0.503688 0.610417 0.521386 0.696426
5 0.489675 0.602226 0.508112 0.685504
5 0.440265 0.609052 0.460915 0.685504
5 0.412980 0.615878 0.434366 0.690965
5 0.400442 0.610417 0.415930 0.681408
5 0.375368 0.599495 0.390856 0.650008
4 0.402654 0.568095 0.420353 0.598131
4 0.379056 0.570826 0.403392 0.595400
2 0.548673 0.539427 0.570059 0.596766
2 0.381268 0.538061 0.409292 0.583113
2 0.343658 0.550347 0.370944 0.596764
3 0.609144 0.304609 0.635693 0.407000
3 0.511061 0.301878 0.526548 0.378330
3 0.433628 0.310070 0.447640 0.393348
1 0.298673 0.398809 0.659292 0.510757
