8 0.664086 0.659323 0.058260 0.096799
8 0.682153 0.635815 0.042773 0.063611
4 0.303835 0.447056 0.022124 0.067760
4 0.417109 0.653021 0.014159 0.034295
4 0.579941 0.661872 0.012979 0.036507
4 0.409440 0.463848 0.027139 0.038720
2 0.367257 0.518608 0.039528 0.088502
2 0.580531 0.629236 0.022419 0.068589
7 0.417699 0.377005 0.063717 0.123903
5 0.679351 0.401896 0.030088 0.085183
5 0.591740 0.451125 0.021239 0.090715
5 0.570501 0.452232 0.021239 0.084077
5 0.511209 0.463294 0.021829 0.055314
5 0.561062 0.681785 0.016519 0.065270
5 0.533923 0.681785 0.020059 0.040932
5 0.515929 0.678466 0.015929 0.036507
5 0.499410 0.680125 0.013569 0.050889
5 0.483776 0.690635 0.016519 0.056420
5 0.462242 0.687869 0.020649 0.046464
5 0.436283 0.679572 0.014749 0.045357
5 0.403540 0.717186 0.027139 0.065270
5 0.373156 0.712760 0.028909 0.071908
9 0.713274 0.613195 0.018879 0.027657
3 0.364602 0.432872 0.040118 0.107309
1 0.421534 0.508652 0.070206 0.106203
1 0.612684 0.528012 0.057227 0.109522
