9 0.669168 0.628144 0.012184 0.035614
3 0.721431 0.409115 0.044889 0.112779
3 0.634539 0.416238 0.014749 0.084287
3 0.562716 0.412677 0.026292 0.117527
3 0.429973 0.391308 0.019879 0.110404
3 0.398551 0.406741 0.027575 0.110404
3 0.296268 0.401992 0.048737 0.110404
3 0.637745 0.664351 0.031422 0.089036
3 0.679428 0.648325 0.057073 0.109217
5 0.649609 0.625176 0.019238 0.051047
5 0.698025 0.620427 0.019879 0.055796
1 0.625561 0.592529 0.135308 0.116340
1 0.658907 0.489841 0.155829 0.077164
1 0.369693 0.489841 0.180198 0.098533
2 0.354624 0.552760 0.032064 0.041550
2 0.558228 0.484499 0.019879 0.052234
2 0.542196 0.492215 0.016032 0.051047
2 0.516224 0.496370 0.014108 0.047486
2 0.502116 0.495183 0.015391 0.045112
2 0.481916 0.496964 0.013467 0.058170
2 0.469091 0.499932 0.014749 0.052234
