4 0.564528 0.494374 0.028761 0.060070
7 0.416186 0.335512 0.026933 0.060544
3 0.593177 0.399025 0.029499 0.118715
3 0.416827 0.367565 0.017956 0.060544
3 0.386367 0.404960 0.021162 0.113966
3 0.706682 0.648919 0.065410 0.077164
3 0.363601 0.409709 0.011543 0.045112
2 0.389894 0.500525 0.026933 0.084287
2 0.542837 0.499338 0.018597 0.048673
2 0.585161 0.479157 0.045530 0.084287
2 0.696101 0.557508 0.044248 0.060544
2 0.679107 0.579471 0.046172 0.071229
2 0.723676 0.523081 0.035270 0.067667
2 0.268372 0.569973 0.049378 0.073603
1 0.418110 0.479750 0.033346 0.118715
1 0.365525 0.487467 0.023086 0.096159
7 0.225407 0.673849 0.025010 0.039176
