4 0.552439 0.620200 0.562687 0.650922
4 0.607776 0.469471 0.627760 0.490591
3 0.506325 0.417627 0.527845 0.519393
2 0.357223 0.483871 0.454063 0.576037
2 0.470971 0.516512 0.572935 0.588518
2 0.571910 0.487711 0.660552 0.555875
2 0.556539 0.578917 0.620586 0.654761
5 0.308547 0.421467 0.351587 0.538594
8 0.453038 0.421467 0.474558 0.552035
6 0.424345 0.649002 0.441766 0.701804
6 0.456625 0.657642 0.465335 0.690284
6 0.475583 0.661482 0.486343 0.695084
6 0.495053 0.663402 0.503251 0.693164
6 0.512474 0.649001 0.519135 0.677803
6 0.531945 0.640361 0.543217 0.667243
6 0.560125 0.660522 0.571397 0.689324
6 0.591893 0.642281 0.603165 0.673963
6 0.563200 0.456989 0.577034 0.509792
6 0.391552 0.461790 0.406923 0.507873
6 0.524771 0.487711 0.537068 0.532834
6 0.492491 0.480990 0.505813 0.526114
6 0.616487 0.646121 0.635445 0.670123
6 0.622123 0.449308 0.633395 0.467549
