7 0.341999 0.693554 0.047321 0.083051
4 0.380408 0.617330 0.024582 0.042094
4 0.348144 0.601971 0.016593 0.031855
4 0.483653 0.656011 0.012291 0.023891
2 0.505777 0.630982 0.025811 0.071674
2 0.475049 0.630413 0.023353 0.065985
2 0.450774 0.636670 0.022738 0.069399
2 0.439405 0.655442 0.023353 0.054609
2 0.433567 0.617330 0.035029 0.064848
2 0.399152 0.596851 0.021509 0.037543
2 0.366581 0.579217 0.052237 0.068261
7 0.499939 0.760109 0.032571 0.054609
5 0.470133 0.685590 0.013520 0.055746
5 0.381330 0.645772 0.019051 0.039819
5 0.411443 0.674782 0.030113 0.061435
5 0.509771 0.712326 0.026426 0.065985
8 0.534661 0.712895 0.040560 0.169514
