4 0.347909 0.412971 0.386083 0.490067
4 0.294986 0.470793 0.331425 0.536645
4 0.671525 0.467580 0.703626 0.533432
4 0.713171 0.340695 0.746140 0.384061
7 0.645498 0.608921 0.687142 0.665135
7 0.674996 0.578404 0.701024 0.649074
7 0.313205 0.575192 0.343571 0.636224
8 0.625543 0.530220 0.670658 0.629800
8 0.640292 0.501310 0.699288 0.624982
8 0.326219 0.514158 0.386951 0.628194
8 0.312337 0.510946 0.347041 0.605708
8 0.625542 0.359969 0.661982 0.461157
6 0.722714 0.453125 0.798196 0.592859
6 0.199549 0.416183 0.279369 0.565554
