5 0.637379 0.687317 0.024582 0.042907
7 0.255303 0.690567 0.016154 0.046807
3 0.435454 0.465631 0.026689 0.104017
3 0.571007 0.477333 0.025284 0.085814
3 0.609636 0.713321 0.032308 0.118319
3 0.657045 0.711370 0.031606 0.083213
3 0.692864 0.455230 0.038629 0.104017
3 0.399986 0.696418 0.018963 0.061110
2 0.316407 0.546244 0.031606 0.070211
2 0.458983 0.554696 0.027391 0.063710
2 0.497612 0.571598 0.014749 0.055909
2 0.508498 0.564447 0.016856 0.041607
2 0.596292 0.634658 0.037927 0.057209
1 0.678817 0.623606 0.129934 0.131321
1 0.638784 0.548195 0.181908 0.118319
1 0.338531 0.624907 0.167158 0.131321
1 0.391558 0.550145 0.129934 0.119619
