3 0.372613 0.369501 0.397454 0.439917
3 0.617257 0.331913 0.641593 0.416556
3 0.581121 0.600861 0.602507 0.697791
3 0.415929 0.655469 0.435103 0.753765
3 0.306785 0.651374 0.334071 0.714174
4 0.332595 0.621339 0.353245 0.669121
1 0.274336 0.437034 0.458702 0.554443
1 0.555309 0.411096 0.726401 0.532600
4 0.488938 0.488913 0.509587 0.538061
4 0.533186 0.450687 0.547934 0.495739
2 0.470501 0.490279 0.492625 0.544887
2 0.522124 0.476626 0.539086 0.528504
2 0.535398 0.477991 0.558997 0.532600
2 0.571534 0.565365 0.603982 0.610417
1 0.296460 0.566730 0.447640 0.667756
