4 0.374503 0.544450 0.032064 0.067667
4 0.345646 0.524862 0.016673 0.040363
4 0.692574 0.632299 0.042324 0.070042
4 0.737142 0.596091 0.032705 0.059357
4 0.714057 0.491622 0.023727 0.052234
4 0.698987 0.484499 0.011543 0.033240
4 0.709888 0.622208 0.037194 0.075977
7 0.388932 0.774162 0.049378 0.123463
3 0.539951 0.465505 0.015391 0.092597
3 0.565602 0.429890 0.019238 0.111592
3 0.465243 0.463724 0.014749 0.110404
5 0.700590 0.447697 0.023727 0.075977
5 0.669168 0.465505 0.018597 0.059357
5 0.716224 0.674003 0.024779 0.061162
9 0.694690 0.695847 0.025369 0.030581
