4 0.283442 0.654854 0.052584 0.089036
4 0.380595 0.526049 0.019879 0.047486
3 0.318712 0.453633 0.041041 0.104469
3 0.352700 0.469660 0.015391 0.108030
3 0.389573 0.426329 0.036553 0.137709
3 0.229896 0.644764 0.059638 0.083100
3 0.283122 0.701747 0.044248 0.097346
3 0.381236 0.708276 0.026292 0.110404
3 0.597986 0.738548 0.019879 0.125837
5 0.311338 0.703527 0.032705 0.062919
5 0.280236 0.454820 0.042324 0.083100
5 0.437027 0.461350 0.022445 0.065293
5 0.517186 0.665539 0.022445 0.065293
5 0.546043 0.670287 0.019879 0.070042
5 0.490573 0.669100 0.023086 0.060544
5 0.466846 0.658416 0.015391 0.048673
5 0.438310 0.673255 0.018597 0.071229
5 0.742593 0.680378 0.052584 0.052234
5 0.650571 0.709463 0.025010 0.055796
2 0.387328 0.611523 0.021803 0.068854
2 0.310696 0.634079 0.036553 0.052234
2 0.263563 0.603807 0.039759 0.072416
2 0.316468 0.537920 0.041683 0.083100
2 0.358151 0.543856 0.030140 0.045112
2 0.390855 0.526643 0.026292 0.065293
1 0.673015 0.627550 0.185328 0.155516
