5 0.367955 0.306270 0.405993 0.424110
5 0.324483 0.316330 0.360192 0.421236
5 0.719608 0.347945 0.756094 0.412613
5 0.725042 0.563505 0.745225 0.608054
5 0.506132 0.618114 0.521658 0.679908
5 0.473529 0.603744 0.496817 0.671286
5 0.530973 0.622426 0.550380 0.665538
5 0.555038 0.620988 0.575222 0.659790
4 0.632835 0.514619 0.650350 0.558989
2 0.671583 0.508881 0.707965 0.573501
2 0.640610 0.515253 0.664208 0.548927
2 0.716322 0.487948 0.755653 0.537096
7 0.719272 0.301368 0.740904 0.335043
3 0.215339 0.525264 0.272861 0.599896
3 0.348574 0.591704 0.382006 0.730956
3 0.427237 0.602626 0.462635 0.726406
3 0.463619 0.603536 0.484760 0.709113
3 0.490167 0.614457 0.507866 0.708202
3 0.520648 0.615368 0.536381 0.696371
3 0.545722 0.617188 0.563914 0.690910
3 0.576205 0.608997 0.593903 0.731867
4 0.558014 0.589885 0.574730 0.622649
3 0.616028 0.309559 0.639626 0.423327
3 0.589480 0.264962 0.620452 0.424238
3 0.561455 0.312290 0.583087 0.410586
3 0.411013 0.290446 0.434612 0.408765
3 0.354966 0.293177 0.383481 0.426058
3 0.701409 0.329353 0.731727 0.415817
3 0.744838 0.346039 0.762865 0.429469
1 0.294985 0.370310 0.775155 0.512899
1 0.234145 0.428544 0.618548 0.641858
