7 0.580531 0.694755 0.022419 0.039318
2 0.656637 0.523829 0.031858 0.033857
2 0.597050 0.512362 0.028319 0.024028
2 0.559882 0.520553 0.021239 0.036042
8 0.381416 0.691478 0.041888 0.113586
7 0.378761 0.743902 0.030678 0.045871
3 0.420649 0.407513 0.027139 0.111402
3 0.452507 0.432633 0.022419 0.098296
3 0.479056 0.429356 0.015339 0.056793
3 0.533628 0.422803 0.015929 0.087374
3 0.565192 0.433179 0.022419 0.125600
3 0.660767 0.451200 0.055457 0.096111
3 0.591740 0.468129 0.018879 0.073176
3 0.549263 0.683833 0.018879 0.124508
3 0.411799 0.702946 0.012979 0.095019
3 0.382891 0.689840 0.020059 0.075360
3 0.348083 0.669635 0.047198 0.087374
3 0.293805 0.622125 0.031858 0.042595
3 0.307080 0.473589 0.027729 0.075360
3 0.334808 0.489972 0.010029 0.044779
1 0.564897 0.591544 0.065487 0.086282
1 0.356932 0.599736 0.161652 0.128876
