7 0.407208 0.732613 0.440554 0.793157
4 0.598059 0.591994 0.609001 0.618418
4 0.660386 0.595517 0.677514 0.633391
4 0.391093 0.621060 0.404891 0.643960
5 0.714626 0.615776 0.732230 0.664219
5 0.458655 0.642199 0.475307 0.669503
5 0.496717 0.624583 0.520030 0.686238
5 0.480065 0.628987 0.491483 0.678311
4 0.417262 0.582305 0.432011 0.621941
4 0.254068 0.509201 0.273575 0.539148
4 0.377771 0.529459 0.395375 0.560285
4 0.612332 0.499512 0.629460 0.518008
2 0.718584 0.538574 0.755162 0.598644
2 0.723304 0.497071 0.761652 0.542942
2 0.682596 0.511270 0.708555 0.550588
2 0.671977 0.562602 0.704425 0.639054
2 0.608849 0.574615 0.627729 0.633593
2 0.621829 0.571338 0.644838 0.615026
2 0.599411 0.574616 0.611209 0.612842
2 0.606490 0.504717 0.633629 0.562601
2 0.378170 0.581169 0.402359 0.643423
2 0.405309 0.583353 0.425959 0.635777
2 0.307965 0.580076 0.349853 0.631408
2 0.257817 0.552772 0.290265 0.598643
2 0.291446 0.545127 0.321534 0.569155
2 0.340413 0.549495 0.382301 0.585537
3 0.414160 0.633593 0.429499 0.723151
3 0.602360 0.391130 0.630088 0.498164
3 0.686136 0.629224 0.731564 0.686018
7 0.709905 0.689881 0.743285 0.722215
