4 0.300031 0.540081 0.034932 0.069959
4 0.323707 0.480324 0.015526 0.034980
4 0.314392 0.466478 0.017078 0.021862
4 0.349713 0.473765 0.020959 0.039352
4 0.365238 0.480324 0.019407 0.032065
4 0.331470 0.548826 0.034156 0.052470
4 0.641716 0.579974 0.050705 0.100191
4 0.729700 0.520405 0.049682 0.051012
4 0.693992 0.474494 0.038814 0.078704
4 0.615588 0.486882 0.032604 0.042267
4 0.601615 0.494899 0.020183 0.026235
4 0.526704 0.483239 0.014749 0.046640
4 0.509238 0.484696 0.018631 0.058300
4 0.497594 0.485425 0.017078 0.051012
4 0.478187 0.486882 0.020183 0.059757
4 0.466931 0.488340 0.020959 0.056842
4 0.443254 0.494899 0.017078 0.034980
4 0.700978 0.539352 0.021736 0.024777
7 0.400609 0.716923 0.030450 0.053598
7 0.703207 0.647692 0.022838 0.031265
7 0.768389 0.620446 0.019983 0.048238
7 0.751974 0.633399 0.013798 0.034839
7 0.702969 0.366303 0.022362 0.034839
2 0.677990 0.544963 0.052336 0.054491
3 0.406318 0.655732 0.014273 0.104516
8 0.406556 0.649925 0.032829 0.141141
4 0.395912 0.488615 0.017278 0.026901
5 0.681627 0.419384 0.021492 0.049846
