4 0.676137 0.506023 0.021736 0.040238
4 0.650520 0.506023 0.013973 0.028741
4 0.433038 0.567516 0.020059 0.060070
4 0.563717 0.470859 0.012389 0.021843
4 0.577876 0.481235 0.018289 0.020751
8 0.708260 0.454476 0.037168 0.096111
8 0.713569 0.571885 0.033628 0.086282
8 0.679646 0.605196 0.044838 0.074268
8 0.309735 0.558233 0.044838 0.061162
8 0.346313 0.577892 0.054277 0.067715
7 0.294100 0.596459 0.031268 0.054609
7 0.321534 0.613388 0.023599 0.049148
5 0.688946 0.451414 0.019407 0.066105
5 0.643145 0.455725 0.016302 0.045986
4 0.333799 0.465066 0.052787 0.070416
8 0.384257 0.627455 0.051234 0.130773
