4 0.259302 0.481896 0.280236 0.528578
4 0.274051 0.486300 0.294034 0.517127
4 0.324483 0.642199 0.339232 0.666861
4 0.334951 0.638676 0.354934 0.670384
4 0.678466 0.594637 0.695118 0.644842
4 0.665620 0.458996 0.684176 0.491584
4 0.546674 0.466043 0.560472 0.518890
4 0.585688 0.474849 0.612332 0.503034
2 0.280236 0.504797 0.312114 0.545313
2 0.322581 0.503035 0.365401 0.556763
2 0.383957 0.477492 0.417737 0.548836
2 0.360643 0.511843 0.379199 0.553239
2 0.447236 0.471327 0.470549 0.524174
2 0.468646 0.458995 0.485774 0.505677
2 0.489104 0.459876 0.501000 0.502154
2 0.531925 0.447546 0.553811 0.528578
2 0.583309 0.484538 0.614235 0.528577
2 0.616614 0.506558 0.651346 0.553240
2 0.645638 0.476612 0.668951 0.557644
2 0.666096 0.476612 0.700352 0.542671
2 0.636122 0.584067 0.681796 0.643080
2 0.584261 0.567332 0.611381 0.619298
2 0.398705 0.569975 0.428205 0.629868
2 0.342564 0.587590 0.389190 0.658934
2 0.304026 0.591114 0.341137 0.659814
3 0.404415 0.625464 0.421543 0.724993
3 0.283091 0.649245 0.322105 0.749655
3 0.333524 0.654531 0.377772 0.752297
3 0.373014 0.373559 0.402988 0.481897
3 0.433438 0.373560 0.468646 0.486300
3 0.505757 0.347136 0.523361 0.437856
3 0.535255 0.348898 0.559045 0.450188
7 0.418689 0.330400 0.455323 0.389413
5 0.321277 0.655448 0.343081 0.713618
5 0.604720 0.408522 0.622676 0.466692
5 0.662434 0.421581 0.684879 0.467880
5 0.695139 0.645950 0.720149 0.694623
5 0.701553 0.408521 0.737464 0.473815
5 0.418750 0.618646 0.439271 0.660196
