4 0.657747 0.577449 0.047057 0.104017
4 0.393314 0.603453 0.032308 0.059810
4 0.326942 0.555346 0.014749 0.039006
7 0.695674 0.696418 0.027391 0.055909
7 0.665824 0.715921 0.032308 0.048108
7 0.385939 0.739325 0.030201 0.037706
6 0.277427 0.366166 0.068830 0.144323
6 0.713583 0.320008 0.053378 0.145623
6 0.766259 0.567698 0.082877 0.139122
3 0.338180 0.665213 0.059699 0.107917
2 0.355738 0.574199 0.076556 0.087114
2 0.388397 0.618406 0.021070 0.053308
8 0.645105 0.399321 0.033010 0.130021
8 0.660556 0.393470 0.025987 0.094915
8 0.347310 0.412323 0.038629 0.130021
8 0.342745 0.434426 0.028094 0.106617
