4 0.390185 0.654214 0.416331 0.695170
4 0.303030 0.614498 0.321132 0.649249
3 0.600697 0.655455 0.620139 0.774601
3 0.636230 0.670348 0.695896 0.759708
3 0.697237 0.649249 0.750201 0.727439
3 0.607401 0.402269 0.632877 0.544995
3 0.555108 0.386135 0.583266 0.515209
3 0.506168 0.422126 0.525610 0.516450
3 0.467283 0.425850 0.485384 0.522656
3 0.330517 0.430814 0.360017 0.543755
3 0.374765 0.670347 0.409627 0.782047
3 0.414321 0.666624 0.437785 0.790736
2 0.274872 0.522656 0.294986 0.583470
2 0.257442 0.589675 0.311746 0.635597
2 0.331188 0.542514 0.372084 0.610774
2 0.396220 0.614498 0.430410 0.667866
2 0.414991 0.621944 0.443819 0.675312
2 0.591981 0.608292 0.622151 0.664142
2 0.618128 0.608292 0.646286 0.657936
2 0.649637 0.605810 0.673103 0.636838
2 0.620139 0.604569 0.665729 0.674071
2 0.669081 0.584712 0.721374 0.659178
1 0.451194 0.521415 0.650308 0.612015
1 0.364039 0.536308 0.436443 0.619462
