3 0.262875 0.328948 0.301384 0.438243
3 0.354051 0.356536 0.373306 0.466894
3 0.378969 0.341681 0.400489 0.471137
3 0.438431 0.372453 0.454288 0.488115
3 0.468446 0.325764 0.486002 0.417020
3 0.583975 0.333192 0.607760 0.471138
3 0.612857 0.362903 0.629845 0.487055
3 0.691574 0.354414 0.718190 0.441426
3 0.625315 0.617572 0.638340 0.735356
3 0.316674 0.596350 0.366510 0.702462
1 0.265140 0.440366 0.304216 0.487055
1 0.307048 0.450977 0.344990 0.500849
1 0.378969 0.473260 0.407285 0.535866
1 0.429371 0.490238 0.461651 0.535866
1 0.493930 0.497665 0.504124 0.539049
1 0.514884 0.482810 0.526210 0.532683
1 0.527909 0.484932 0.535271 0.536928
1 0.541501 0.467954 0.553393 0.506154
1 0.553960 0.478565 0.568118 0.510399
1 0.651366 0.461588 0.677982 0.507216
1 0.692140 0.443548 0.713660 0.475382
1 0.709129 0.504033 0.733480 0.534805
1 0.689308 0.533744 0.708564 0.570883
1 0.658728 0.533743 0.691008 0.568761
1 0.594168 0.562393 0.612290 0.597411
1 0.416345 0.600594 0.428239 0.628184
1 0.405585 0.551782 0.425973 0.596349
1 0.338194 0.542233 0.397657 0.585739
2 0.347822 0.469015 0.377270 0.521010
2 0.468446 0.421264 0.489966 0.531621
2 0.578878 0.474321 0.608892 0.516765
2 0.612290 0.483871 0.647968 0.532683
2 0.615688 0.559211 0.645702 0.613328
2 0.680814 0.453099 0.728384 0.505093
6 0.638907 0.601655 0.657029 0.630305
6 0.696105 0.574066 0.713093 0.598472
6 0.672886 0.424449 0.684778 0.459465
