7 0.577490 0.745221 0.027229 0.055659
7 0.264919 0.626027 0.024960 0.044107
7 0.605287 0.404441 0.036306 0.058809
7 0.490413 0.396040 0.022124 0.035706
7 0.526435 0.395515 0.019287 0.030455
4 0.438791 0.486354 0.028931 0.023104
4 0.315691 0.487405 0.016451 0.035706
2 0.608123 0.639679 0.017018 0.044107
2 0.577490 0.638629 0.026095 0.054609
2 0.569832 0.598197 0.026662 0.045157
2 0.549126 0.655431 0.021557 0.039906
2 0.449002 0.659632 0.014182 0.035706
3 0.332993 0.440147 0.019287 0.048308
3 0.401066 0.450649 0.017018 0.063010
3 0.438507 0.431221 0.014749 0.078763
3 0.490980 0.443298 0.019855 0.069311
3 0.523599 0.435421 0.015884 0.076662
3 0.547992 0.434896 0.011346 0.039906
3 0.573236 0.438047 0.016451 0.077712
3 0.606705 0.440672 0.015317 0.049358
3 0.421772 0.686411 0.020989 0.082963
3 0.296687 0.630752 0.044248 0.082963
5 0.519628 0.670659 0.012480 0.051458
5 0.499206 0.674859 0.014749 0.051458
5 0.483322 0.674334 0.014749 0.052508
5 0.467155 0.663833 0.011913 0.048308
5 0.586283 0.681160 0.013047 0.053559
5 0.609825 0.679060 0.011346 0.045157
5 0.436805 0.663308 0.013615 0.043057
1 0.367597 0.608174 0.164511 0.128120
1 0.494668 0.518385 0.399365 0.108167
3 0.667120 0.447498 0.027229 0.081913
7 0.340397 0.416206 0.038038 0.061794
