4 0.239983 0.483083 0.012906 0.078500
4 0.554941 0.579217 0.014749 0.045507
4 0.738692 0.490478 0.017207 0.050058
4 0.726094 0.488203 0.019051 0.043232
4 0.379794 0.462036 0.014749 0.031855
4 0.281772 0.463174 0.015364 0.036406
4 0.696903 0.477395 0.012291 0.023891
4 0.782018 0.566703 0.016593 0.029580
2 0.759587 0.575235 0.041790 0.062572
2 0.367195 0.481377 0.031342 0.063710
2 0.260878 0.487065 0.046091 0.088739
2 0.314958 0.573529 0.028884 0.050058
3 0.365966 0.392638 0.019051 0.120594
3 0.773107 0.628138 0.041790 0.050058
