6 0.229667 0.567048 0.092710 0.143023
6 0.737814 0.390219 0.070937 0.132621
4 0.677764 0.474083 0.015452 0.040306
4 0.675462 0.586660 0.020212 0.058654
4 0.651972 0.609414 0.052988 0.069778
4 0.618103 0.605369 0.011472 0.033372
4 0.637769 0.501713 0.013657 0.024271
9 0.660985 0.650370 0.017481 0.044496
7 0.652245 0.687787 0.025128 0.054609
2 0.689391 0.557839 0.041516 0.043485
2 0.672184 0.499691 0.019119 0.050564
2 0.703321 0.502725 0.038785 0.050564
2 0.620562 0.587671 0.020758 0.054609
2 0.469518 0.516882 0.012564 0.038428
2 0.453950 0.518399 0.014203 0.055620
2 0.446575 0.517894 0.010379 0.032361
2 0.382115 0.498174 0.033322 0.065733
2 0.350705 0.564412 0.055719 0.072812
2 0.387578 0.582615 0.039878 0.040451
2 0.588458 0.591679 0.018153 0.039206
2 0.578247 0.600080 0.009833 0.029405
3 0.402201 0.409300 0.025338 0.146323
