3 0.419348 0.748537 0.027487 0.091842
3 0.393872 0.444466 0.026146 0.086877
3 0.419348 0.434537 0.024806 0.119146
3 0.445495 0.450672 0.018101 0.094324
3 0.474323 0.450672 0.020783 0.096806
3 0.512537 0.440122 0.024806 0.130316
3 0.537342 0.438261 0.018101 0.104253
3 0.559131 0.405371 0.017431 0.112941
3 0.453205 0.746676 0.020113 0.107976
3 0.524940 0.728059 0.016090 0.083154
3 0.551421 0.733024 0.016761 0.095565
3 0.734781 0.661660 0.065701 0.086877
5 0.436779 0.718130 0.018101 0.063296
5 0.465272 0.723715 0.018772 0.049644
5 0.562818 0.700134 0.019442 0.039715
5 0.517565 0.712545 0.016090 0.039715
9 0.721373 0.662901 0.021453 0.039715
7 0.735787 0.402269 0.026146 0.037233
7 0.714334 0.385514 0.018101 0.040957
3 0.710981 0.430194 0.054304 0.065779
1 0.559131 0.643664 0.370072 0.197336
1 0.422700 0.538170 0.144141 0.140245
1 0.625838 0.527000 0.251408 0.160103
