7 0.460631 0.738395 0.482755 0.778301
7 0.404471 0.755198 0.428864 0.799304
7 0.583731 0.728943 0.610959 0.764649
7 0.663150 0.382388 0.691514 0.422294
7 0.437372 0.748896 0.457227 0.786702
5 0.637622 0.674335 0.666554 0.715291
5 0.692082 0.432796 0.711369 0.492656
5 0.647833 0.394991 0.667121 0.479004
5 0.588836 0.448548 0.604720 0.510508
5 0.542320 0.453799 0.557068 0.509458
5 0.569549 0.692188 0.589403 0.736294
5 0.474813 0.700588 0.487861 0.734194
5 0.455525 0.687986 0.469141 0.736294
5 0.433401 0.678535 0.445881 0.726843
3 0.531540 0.673285 0.550828 0.766749
3 0.652938 0.636529 0.711935 0.716341
3 0.605287 0.404441 0.625709 0.504207
3 0.559338 0.426495 0.579192 0.538863
3 0.535512 0.452748 0.550260 0.532562
3 0.473110 0.426495 0.491263 0.523111
1 0.453204 0.566095 0.694556 0.706340
1 0.300349 0.476735 0.475999 0.598363
1 0.466613 0.487905 0.638911 0.599605
5 0.329847 0.429573 0.345267 0.482941
8 0.407616 0.659178 0.436444 0.768394
