3 0.406288 0.421372 0.422966 0.502016
3 0.455784 0.408266 0.468696 0.502016
3 0.506894 0.397178 0.515502 0.497984
3 0.535408 0.384073 0.544554 0.507057
3 0.558542 0.439516 0.570378 0.506048
3 0.582214 0.446573 0.594050 0.510081
3 0.404674 0.668347 0.417048 0.735887
3 0.427270 0.659274 0.444486 0.799395
3 0.575220 0.669354 0.585442 0.771169
3 0.605885 0.670363 0.617183 0.758065
1 0.428346 0.615928 0.448252 0.654234
1 0.561232 0.620968 0.582752 0.669354
2 0.282011 0.493952 0.690351 0.590726
2 0.596202 0.601815 0.743613 0.675403
2 0.260491 0.568549 0.430499 0.668347
6 0.334734 0.469758 0.404136 0.495968
6 0.431574 0.470766 0.448790 0.495968
6 0.476228 0.457661 0.504742 0.491935
6 0.597277 0.479839 0.654843 0.507057
6 0.693579 0.661290 0.714561 0.685484
6 0.495058 0.654234 0.503128 0.687500
