4 0.342563 0.476611 0.355885 0.500393
4 0.305928 0.482777 0.318298 0.510081
3 0.296888 0.383247 0.345894 0.471326
3 0.390618 0.371798 0.415359 0.502154
3 0.422971 0.366513 0.443905 0.478373
3 0.451993 0.388532 0.466743 0.479253
3 0.474832 0.365633 0.490532 0.462519
3 0.513845 0.349778 0.528118 0.469565
3 0.533352 0.334805 0.549530 0.465161
3 0.569512 0.338329 0.583785 0.478374
3 0.603769 0.391175 0.628034 0.465161
3 0.639452 0.362109 0.674184 0.465161
2 0.551432 0.609610 0.570464 0.645722
1 0.285855 0.446128 0.687597 0.570948
