7 0.370408 0.795079 0.038214 0.045921
3 0.429740 0.455016 0.020113 0.112941
3 0.403593 0.463703 0.017431 0.098047
3 0.454210 0.716889 0.018101 0.083154
3 0.380129 0.731162 0.013408 0.049644
2 0.320461 0.558648 0.056315 0.069502
2 0.375771 0.558648 0.035532 0.059573
2 0.435438 0.535688 0.027487 0.053368
2 0.448512 0.556166 0.021453 0.049644
2 0.475664 0.550581 0.018101 0.038474
2 0.522928 0.548099 0.018772 0.058332
2 0.538348 0.548099 0.017431 0.050885
2 0.552092 0.557407 0.018101 0.047162
2 0.575892 0.539411 0.017431 0.053368
2 0.615447 0.550581 0.024135 0.043439
1 0.659359 0.535067 0.058327 0.101771
1 0.404264 0.533826 0.040225 0.079431
1 0.400577 0.666624 0.137436 0.121628
1 0.637570 0.659798 0.081791 0.107976
0 0.615447 0.766533 0.037544 0.127834
0 0.661035 0.765292 0.030839 0.127834
