4 0.265487 0.523110 0.285909 0.574568
4 0.269458 0.614475 0.287044 0.651231
4 0.320513 0.649131 0.340367 0.680635
4 0.715907 0.559866 0.743135 0.613424
4 0.402201 0.572468 0.418652 0.596622
2 0.273996 0.545164 0.305196 0.593472
2 0.321648 0.531512 0.355117 0.608174
2 0.353982 0.533612 0.386884 0.612374
2 0.334695 0.626026 0.397096 0.698488
2 0.435103 0.560917 0.449852 0.607123
2 0.495235 0.558816 0.511119 0.606074
2 0.517926 0.554615 0.534377 0.588221
2 0.540616 0.543063 0.555933 0.588221
2 0.463467 0.550414 0.478784 0.598722
2 0.646131 0.611325 0.685273 0.654381
2 0.630247 0.527311 0.679033 0.589271
2 0.688677 0.527311 0.713071 0.567217
3 0.324483 0.686936 0.372702 0.800354
3 0.350579 0.446448 0.380645 0.539913
3 0.312004 0.454849 0.342070 0.533612
0 0.381212 0.429646 0.409008 0.563017
