9 0.300115 0.599058 0.024368 0.039176
9 0.651533 0.432265 0.016673 0.047486
4 0.468129 0.593123 0.019238 0.039176
4 0.477107 0.481531 0.015391 0.029679
4 0.532256 0.470847 0.017956 0.032053
4 0.425164 0.613304 0.015391 0.032053
4 0.538027 0.576503 0.026933 0.062919
3 0.445043 0.688094 0.030781 0.122276
3 0.412659 0.676223 0.016032 0.079539
3 0.579710 0.418612 0.012825 0.108030
3 0.551815 0.428703 0.016032 0.071229
3 0.457227 0.447104 0.011543 0.043924
3 0.489291 0.440575 0.008978 0.080726
8 0.370976 0.433452 0.033987 0.061732
8 0.339554 0.411490 0.028857 0.077164
8 0.348531 0.400212 0.039118 0.083100
2 0.487688 0.505868 0.017314 0.052234
2 0.507246 0.512990 0.011543 0.037989
2 0.529691 0.497558 0.015391 0.061732
2 0.446967 0.589561 0.034629 0.079539
1 0.363281 0.575909 0.143004 0.166200
1 0.604720 0.485686 0.146210 0.102094
1 0.570732 0.578877 0.067975 0.110404
