2 0.271386 0.527994 0.310717 0.591704
2 0.329400 0.548017 0.348574 0.584423
2 0.391839 0.536185 0.415929 0.580782
2 0.441003 0.520713 0.457227 0.558029
2 0.455261 0.537095 0.468535 0.571681
2 0.487218 0.539825 0.499017 0.570770
2 0.515240 0.520713 0.527532 0.574411
2 0.576696 0.522534 0.602262 0.590795
2 0.597345 0.546197 0.616027 0.573501
3 0.593411 0.699101 0.611603 0.804678
3 0.711897 0.659055 0.763028 0.719125
3 0.419371 0.701832 0.434611 0.791936
1 0.271386 0.599896 0.451327 0.709112
1 0.556539 0.563490 0.741397 0.714574
