4 0.379954 0.402586 0.026292 0.061732
4 0.418430 0.418612 0.031422 0.070042
4 0.618507 0.501119 0.030140 0.099720
4 0.582917 0.499338 0.011543 0.027304
4 0.587726 0.476189 0.018597 0.040363
4 0.559189 0.529017 0.037194 0.089036
7 0.619148 0.636454 0.033987 0.090223
3 0.529050 0.295149 0.028216 0.138896
3 0.554701 0.345603 0.019238 0.075977
8 0.736162 0.405744 0.032101 0.088338
8 0.714472 0.403335 0.026896 0.099581
5 0.544142 0.559369 0.016856 0.057534
5 0.472240 0.542792 0.020544 0.059484
5 0.448536 0.534503 0.016330 0.054609
5 0.494364 0.532065 0.012115 0.049733
5 0.579172 0.544742 0.017383 0.057534
2 0.523599 0.391155 0.032659 0.068261
2 0.551254 0.410171 0.023704 0.049733
