4 0.292878 0.574484 0.316055 0.638844
4 0.298146 0.444789 0.317636 0.475019
4 0.612808 0.492465 0.626606 0.523292
4 0.681797 0.548835 0.697497 0.588471
4 0.553335 0.587590 0.572367 0.623702
2 0.535731 0.487181 0.554287 0.523293
2 0.578551 0.495107 0.602341 0.547955
2 0.596631 0.507440 0.624227 0.551478
4 0.674907 0.447341 0.689655 0.485943
3 0.674397 0.640354 0.728817 0.730741
3 0.574713 0.652594 0.597091 0.763694
3 0.271589 0.635646 0.335672 0.727916
3 0.302106 0.362603 0.336182 0.457697
3 0.342793 0.362602 0.356525 0.460521
3 0.428237 0.371077 0.459771 0.482177
3 0.407894 0.660126 0.425186 0.776876
3 0.376870 0.661067 0.401790 0.780641
2 0.311769 0.581037 0.352457 0.646002
2 0.360594 0.583863 0.398738 0.661068
1 0.564541 0.553733 0.688129 0.646003
1 0.291934 0.449223 0.423660 0.563149
1 0.383989 0.575388 0.429763 0.666716
1 0.437901 0.470878 0.466382 0.560323
5 0.350931 0.392731 0.385007 0.436983
5 0.313295 0.651167 0.354759 0.705319
5 0.644391 0.636587 0.677957 0.681781
5 0.635235 0.395556 0.655071 0.454872
5 0.592004 0.416270 0.611332 0.468996
5 0.546231 0.403088 0.558947 0.459580
5 0.516224 0.409679 0.536060 0.481235
5 0.477063 0.444516 0.503510 0.515131
5 0.516224 0.624347 0.527922 0.677073
5 0.498424 0.621524 0.508086 0.666717
5 0.472994 0.626231 0.492320 0.666717
