4 0.314821 0.605517 0.342794 0.658243
7 0.631676 0.407796 0.652528 0.439808
7 0.682026 0.695903 0.710000 0.738272
2 0.686095 0.552791 0.724749 0.591394
2 0.709490 0.488767 0.731360 0.529253
2 0.664734 0.507598 0.700844 0.550908
2 0.629640 0.572564 0.683044 0.616816
2 0.599634 0.583862 0.628115 0.630938
2 0.587936 0.593277 0.610824 0.642237
2 0.322450 0.613049 0.365681 0.648827
2 0.274641 0.586686 0.317873 0.629056
2 0.272608 0.506656 0.299055 0.568797
0 0.477063 0.740156 0.520802 0.844666
0 0.523853 0.737332 0.555387 0.830542
0 0.597091 0.656359 0.625572 0.758045
0 0.594548 0.409679 0.624554 0.512305
0 0.636761 0.423802 0.652527 0.489710
5 0.291934 0.460522 0.312278 0.525486
5 0.658123 0.450165 0.672871 0.493475
5 0.536060 0.688371 0.553352 0.758987
1 0.465365 0.595160 0.547249 0.736390
1 0.300580 0.501007 0.455702 0.602692
1 0.584885 0.484060 0.667277 0.579154
