7 0.432550 0.750996 0.023258 0.044107
7 0.255559 0.639679 0.030066 0.054609
7 0.721012 0.708465 0.044248 0.040957
9 0.690095 0.652281 0.028931 0.031505
4 0.687543 0.592946 0.017018 0.034656
4 0.596778 0.601873 0.024960 0.039906
4 0.642727 0.622351 0.015884 0.019953
2 0.705979 0.538863 0.065237 0.065110
2 0.661731 0.589796 0.053892 0.070361
2 0.432550 0.615000 0.028931 0.066161
2 0.502609 0.502107 0.021557 0.060910
2 0.485024 0.508408 0.019287 0.060910
2 0.534377 0.505257 0.012480 0.039906
2 0.308316 0.514709 0.036873 0.050408
4 0.533810 0.479528 0.014749 0.036756
4 0.564443 0.460100 0.017018 0.027304
3 0.344055 0.451699 0.035739 0.109217
3 0.378375 0.449073 0.023826 0.093465
3 0.434820 0.405492 0.024393 0.132321
3 0.285342 0.642304 0.069208 0.082963
3 0.403619 0.703739 0.016451 0.119719
3 0.431700 0.705314 0.014749 0.095565
3 0.694066 0.663833 0.072044 0.094515
3 0.573519 0.387114 0.027229 0.137572
3 0.626560 0.406542 0.027797 0.088214
1 0.352848 0.591896 0.155435 0.141773
1 0.416667 0.513134 0.111754 0.112368
1 0.600465 0.501057 0.101543 0.111318
6 0.714488 0.346682 0.072044 0.092415
2 0.353982 0.537288 0.032902 0.070361
