2 0.273476 0.513232 0.310964 0.575804
2 0.263028 0.451797 0.310350 0.501855
2 0.435718 0.483652 0.452311 0.520058
4 0.309120 0.566702 0.332473 0.599696
4 0.555555 0.441558 0.581981 0.506406
4 0.655728 0.561014 0.682154 0.598558
4 0.714111 0.502993 0.746681 0.553051
2 0.481809 0.509819 0.501475 0.557601
2 0.496559 0.512095 0.513765 0.557601
2 0.315881 0.537124 0.363815 0.625862
2 0.352753 0.561014 0.387168 0.603108
2 0.561086 0.480239 0.581982 0.559877
2 0.690757 0.477964 0.741765 0.542812
2 0.663717 0.540536 0.678465 0.584906
2 0.644666 0.565565 0.667404 0.594007
2 0.573992 0.606521 0.591814 0.642927
2 0.400074 0.490478 0.412980 0.526884
1 0.654498 0.416529 0.719641 0.506406
1 0.527286 0.474550 0.562315 0.557601
0 0.631145 0.644065 0.664331 0.761246
3 0.566618 0.318688 0.586898 0.462036
3 0.677852 0.331203 0.715954 0.415391
7 0.691987 0.308449 0.724557 0.345992
7 0.533080 0.308267 0.566266 0.365801
