4 0.612094 0.535479 0.634218 0.563758
4 0.635271 0.495497 0.654235 0.534503
4 0.360303 0.511099 0.404025 0.570583
4 0.361883 0.381404 0.377686 0.415534
4 0.653181 0.352148 0.666877 0.381404
2 0.641593 0.363850 0.671091 0.418459
2 0.647915 0.451614 0.675306 0.494522
2 0.449326 0.403832 0.466182 0.446740
2 0.372419 0.403832 0.397177 0.458442
2 0.353455 0.400907 0.377686 0.460391
2 0.338180 0.464291 0.370312 0.518900
2 0.441424 0.536453 0.464075 0.593987
2 0.605247 0.491596 0.642119 0.536453
4 0.445638 0.517925 0.460388 0.556931
9 0.360830 0.565708 0.381900 0.592037
7 0.632111 0.612515 0.672145 0.686627
7 0.608934 0.633969 0.633692 0.671999
7 0.349768 0.623242 0.375580 0.657372
7 0.306574 0.591062 0.324484 0.628118
7 0.530447 0.279987 0.549937 0.321919
5 0.655816 0.549131 0.692162 0.593988
5 0.569427 0.587161 0.591551 0.631043
5 0.537295 0.585211 0.557311 0.642745
5 0.515698 0.578385 0.534135 0.629093
5 0.499367 0.571559 0.515170 0.619341
5 0.481985 0.565708 0.497261 0.619342
5 0.463022 0.570584 0.475664 0.627143
5 0.430889 0.585211 0.457755 0.640795
5 0.336072 0.553031 0.354510 0.593988
5 0.446165 0.347273 0.459861 0.400907
5 0.367678 0.359951 0.387168 0.407734
5 0.546250 0.343372 0.556785 0.397006
5 0.526759 0.356049 0.538349 0.405782
5 0.612094 0.317043 0.628424 0.386279
8 0.592604 0.547180 0.628950 0.650546
8 0.702697 0.468192 0.731143 0.518900
1 0.520438 0.404808 0.561526 0.482820
