5 0.238735 0.594166 0.308358 0.680741
3 0.343170 0.416272 0.369754 0.493359
3 0.388109 0.391366 0.397603 0.506404
3 0.513431 0.435247 0.522925 0.545541
3 0.598877 0.443549 0.612169 0.537239
3 0.421022 0.651091 0.437478 0.755455
1 0.314055 0.575190 0.352031 0.634488
1 0.304561 0.514706 0.322916 0.534868
1 0.453302 0.533681 0.464695 0.582305
1 0.510899 0.544355 0.526089 0.589421
1 0.526090 0.555029 0.538116 0.591793
1 0.401401 0.538426 0.415959 0.569260
1 0.352031 0.502846 0.395071 0.576375
2 0.571029 0.538425 0.659640 0.606025
1 0.421022 0.608397 0.445707 0.654649
4 0.438111 0.534867 0.450137 0.584677
6 0.614067 0.686670 0.657741 0.729364
6 0.402033 0.667694 0.420388 0.699716
6 0.331777 0.480313 0.345069 0.511149
6 0.486214 0.660579 0.492544 0.683111
6 0.464695 0.659392 0.475455 0.685484
6 0.574193 0.520636 0.587485 0.549098
4 0.269750 0.489800 0.291903 0.525379
1 0.663438 0.540797 0.691287 0.579933
