2 0.351524 0.492936 0.056890 0.085814
2 0.355738 0.569648 0.034415 0.041607
2 0.642998 0.591751 0.038629 0.070211
4 0.662663 0.595652 0.023177 0.033805
4 0.619469 0.604103 0.019666 0.037706
4 0.654235 0.468232 0.020368 0.031205
4 0.331507 0.582000 0.012642 0.045507
2 0.687597 0.558596 0.030903 0.063710
2 0.661961 0.493586 0.040034 0.066311
2 0.644753 0.589151 0.042141 0.083213
2 0.608583 0.582650 0.048462 0.067611
2 0.313597 0.556646 0.040034 0.049408
3 0.337126 0.391520 0.049164 0.127420
3 0.672847 0.401271 0.033713 0.118319
3 0.617713 0.682766 0.034415 0.124820
3 0.659503 0.676915 0.063211 0.110518
6 0.558505 0.349716 0.119961 0.182029
