4 0.672432 0.492870 0.699250 0.543755
4 0.679806 0.567335 0.696568 0.608292
4 0.527621 0.535068 0.543711 0.583471
4 0.319791 0.579747 0.361357 0.650490
4 0.307053 0.571059 0.332529 0.620703
4 0.400589 0.648883 0.421828 0.687109
4 0.374632 0.632501 0.388791 0.658713
4 0.342183 0.483965 0.364011 0.524375
4 0.266666 0.441370 0.284955 0.471951
7 0.638348 0.765746 0.676106 0.817078
7 0.296756 0.326692 0.320355 0.353996
6 0.743953 0.556049 0.823009 0.684925
2 0.602360 0.598643 0.642478 0.671819
2 0.646608 0.468674 0.689676 0.548403
2 0.593510 0.492702 0.628908 0.574615
2 0.562242 0.510177 0.578761 0.572431
2 0.547493 0.515638 0.565782 0.577892
2 0.507375 0.536389 0.526844 0.597551
2 0.457227 0.530929 0.474336 0.583353
2 0.444839 0.526560 0.454867 0.573524
2 0.430679 0.525468 0.446607 0.573524
2 0.356342 0.488333 0.392330 0.556048
2 0.404720 0.515638 0.428909 0.573523
2 0.312094 0.470859 0.358702 0.547311
2 0.264306 0.449015 0.317403 0.510177
2 0.350443 0.580076 0.386431 0.636870
2 0.368731 0.609565 0.417109 0.679464
2 0.401180 0.621579 0.431268 0.675096
3 0.354572 0.683832 0.391150 0.776667
3 0.319174 0.367102 0.353392 0.471951
3 0.282596 0.338706 0.313274 0.450108
3 0.358702 0.402052 0.389970 0.488334
3 0.474336 0.405329 0.502065 0.518915
3 0.591151 0.369286 0.614160 0.502532
3 0.651918 0.352905 0.686726 0.473044
