6 0.711653 0.536696 0.803098 0.671852
6 0.687316 0.281400 0.761062 0.460243
4 0.381796 0.560223 0.403708 0.589088
2 0.651002 0.465229 0.684060 0.518896
2 0.580816 0.436042 0.609806 0.499124
2 0.600651 0.514189 0.636761 0.565973
2 0.372800 0.441692 0.414505 0.522663
2 0.266504 0.490650 0.302106 0.539610
2 0.314312 0.501949 0.356526 0.558441
2 0.347371 0.513247 0.421117 0.586686
3 0.369785 0.333621 0.400337 0.455515
3 0.562052 0.291690 0.576276 0.438938
3 0.578381 0.307292 0.611040 0.440888
2 0.478297 0.457465 0.507796 0.507198
