4 0.578853 0.670791 0.018453 0.025204
4 0.418085 0.634736 0.009455 0.039906
4 0.438885 0.639636 0.013993 0.031505
4 0.656851 0.470878 0.017801 0.033895
2 0.667277 0.599868 0.034584 0.080971
2 0.641339 0.523133 0.028481 0.044252
2 0.660665 0.495829 0.030516 0.053667
2 0.605483 0.532078 0.034076 0.073439
2 0.607008 0.637529 0.023904 0.033895
2 0.572933 0.651652 0.018818 0.037661
2 0.590733 0.645061 0.015766 0.045193
2 0.421625 0.524075 0.024413 0.049901
2 0.400773 0.508069 0.020344 0.055550
2 0.355254 0.490651 0.035093 0.043310
2 0.392636 0.605046 0.017292 0.048018
2 0.410691 0.611637 0.031024 0.040486
2 0.424677 0.626701 0.022378 0.044252
2 0.436375 0.628114 0.024413 0.037661
4 0.528685 0.573505 0.012715 0.026363
3 0.606644 0.446510 0.026933 0.106843
3 0.687576 0.667545 0.052924 0.078701
