4 0.352641 0.450672 0.370743 0.480459
4 0.318674 0.551979 0.332082 0.577629
4 0.653884 0.430351 0.667292 0.459309
4 0.606954 0.464274 0.625726 0.489096
4 0.368732 0.445243 0.384375 0.470893
2 0.325378 0.448553 0.348618 0.513918
2 0.351300 0.462619 0.371414 0.513091
2 0.366944 0.462619 0.397782 0.526329
2 0.335211 0.527984 0.369179 0.590039
2 0.505498 0.484959 0.526505 0.548669
2 0.532761 0.499852 0.553768 0.533776
2 0.575669 0.466756 0.610978 0.524674
2 0.574327 0.551979 0.608743 0.610725
2 0.599803 0.542049 0.652991 0.604932
2 0.616340 0.442761 0.663269 0.519710
2 0.661035 0.427041 0.702154 0.490751
4 0.420578 0.576801 0.435774 0.612379
7 0.717350 0.635547 0.737016 0.675261
3 0.660511 0.324234 0.691291 0.440574
3 0.627164 0.327796 0.658586 0.450072
3 0.581634 0.375281 0.607926 0.473814
3 0.507888 0.376469 0.526485 0.492809
3 0.375144 0.352725 0.400154 0.459568
3 0.668206 0.587780 0.731692 0.675629
1 0.646402 0.514178 0.703475 0.594904
