1 0.322125 0.516993 0.030230 0.031682
1 0.362859 0.532834 0.028693 0.048003
1 0.618536 0.506432 0.034842 0.041283
1 0.602397 0.580837 0.033305 0.040323
1 0.395908 0.613959 0.021008 0.052803
1 0.660039 0.557796 0.037916 0.030722
4 0.669774 0.475710 0.026644 0.068164
4 0.694881 0.450749 0.017421 0.050883
4 0.629809 0.577477 0.025619 0.052803
4 0.312903 0.502592 0.013834 0.024002
3 0.381305 0.692684 0.025619 0.104647
6 0.303424 0.602439 0.022545 0.016321
6 0.372082 0.637961 0.019470 0.027842
6 0.648254 0.604839 0.010248 0.026882
6 0.694881 0.570276 0.010248 0.019201