4 0.260446 0.348583 0.291175 0.417575
4 0.304252 0.377633 0.317982 0.405471
4 0.682156 0.511983 0.693924 0.534979
6 0.737729 0.462357 0.808995 0.620915
2 0.678886 0.450253 0.729230 0.519244
2 0.625927 0.487775 0.686079 0.554345
2 0.673655 0.387315 0.713539 0.440571
2 0.587353 0.399420 0.629851 0.464778
2 0.554008 0.410313 0.573622 0.461147
2 0.518702 0.410313 0.537010 0.499879
2 0.505626 0.382474 0.525240 0.455096
2 0.484704 0.410312 0.503011 0.464778
2 0.503664 0.423627 0.514779 0.486565
2 0.461168 0.421206 0.484050 0.486564
2 0.451360 0.432099 0.470321 0.492617
2 0.356557 0.409102 0.389901 0.475672
2 0.251947 0.381264 0.308175 0.455096
2 0.306867 0.487775 0.354595 0.560397
1 0.298368 0.388526 0.364402 0.479303
5 0.510856 0.236021 0.529164 0.419996
3 0.255869 0.547083 0.294444 0.607601
5 0.680848 0.544663 0.714846 0.595498
5 0.702423 0.298959 0.726615 0.361897
5 0.663196 0.302590 0.680195 0.367950
