6 0.220462 0.560700 0.093364 0.174897
4 0.384406 0.439300 0.032233 0.063786
4 0.301963 0.433309 0.025499 0.060518
4 0.338250 0.541636 0.031383 0.039942
4 0.352307 0.422416 0.020268 0.048414
4 0.658945 0.580368 0.029422 0.035100
4 0.717788 0.558581 0.016345 0.052046
7 0.667772 0.689300 0.027460 0.047204
7 0.685425 0.652384 0.030075 0.055677
7 0.707000 0.650569 0.031383 0.054466
7 0.727922 0.341322 0.030075 0.036311
7 0.404939 0.305616 0.023537 0.052046
7 0.366364 0.324982 0.032691 0.044783
6 0.251620 0.301985 0.075188 0.158557
3 0.684444 0.382474 0.035960 0.121036
3 0.723019 0.393972 0.025499 0.085936
3 0.661560 0.631203 0.049036 0.081094
3 0.320270 0.357662 0.043805 0.112564
3 0.289541 0.600339 0.050344 0.125878
9 0.701128 0.580605 0.020780 0.032206
5 0.733022 0.586420 0.021746 0.050993
5 0.318391 0.566738 0.012081 0.047415
2 0.756702 0.450886 0.026579 0.050098
2 0.684939 0.473698 0.033828 0.088567
2 0.663192 0.482197 0.014498 0.046520
2 0.650628 0.479066 0.022230 0.049204
2 0.646037 0.561818 0.041077 0.084094
2 0.724082 0.521113 0.017397 0.047415
2 0.352219 0.514851 0.056541 0.056361
2 0.308968 0.510378 0.051225 0.084988
2 0.330473 0.437914 0.047842 0.070675
2 0.394020 0.466541 0.046392 0.034890
1 0.690254 0.539452 0.065722 0.073358
1 0.719733 0.455359 0.044459 0.069780
