4 0.261479 0.506687 0.295742 0.560699
4 0.379163 0.596708 0.395549 0.627572
4 0.294996 0.551698 0.309148 0.586420
2 0.305424 0.527263 0.373204 0.606997
2 0.362031 0.573560 0.394805 0.627572
2 0.390335 0.577418 0.427577 0.646862
2 0.418639 0.643004 0.455136 0.689300
2 0.443219 0.608282 0.459605 0.653292
2 0.455136 0.618570 0.470778 0.658436
2 0.458116 0.645576 0.482696 0.702160
2 0.482696 0.634002 0.508020 0.691872
2 0.495358 0.609568 0.507274 0.643004
2 0.515468 0.608282 0.533344 0.652006
2 0.499082 0.636574 0.536324 0.688014
2 0.555689 0.612140 0.573565 0.661008
2 0.535579 0.640432 0.561647 0.693158
2 0.540048 0.610854 0.554944 0.643004
2 0.606338 0.585134 0.651028 0.640432
2 0.655497 0.546554 0.694229 0.604424
2 0.690505 0.516975 0.741899 0.576131
4 0.648049 0.596708 0.671884 0.623714
2 0.362032 0.479681 0.390336 0.532407
2 0.517703 0.543982 0.537069 0.592850
2 0.499827 0.560700 0.516213 0.591564
2 0.488654 0.552984 0.506530 0.586420
2 0.466309 0.554270 0.488653 0.590278
2 0.473012 0.531121 0.488654 0.558127
2 0.589952 0.518261 0.618256 0.567129
2 0.614532 0.492541 0.640600 0.541409
2 0.409701 0.518261 0.437260 0.551697
3 0.341176 0.631429 0.376184 0.726594
3 0.627938 0.631429 0.687526 0.748456
3 0.367990 0.388375 0.401508 0.502830
3 0.586228 0.390947 0.636876 0.502830
13 0.320321 0.588992 0.360541 0.691873
13 0.663690 0.594136 0.814148 0.753601
13 0.655497 0.605710 0.680077 0.673868
13 0.584738 0.655864 0.620490 0.707304
13 0.434281 0.703447 0.471523 0.775463
13 0.142305 0.541409 0.327769 0.775463
13 0.390335 0.192902 0.445453 0.397376
13 0.259244 0.306069 0.362032 0.424382
13 0.513978 0.167182 0.588462 0.369085
13 0.609317 0.252057 0.711361 0.383230
12 0.291272 0.464249 0.698698 0.618569
