12 0.483457 0.609417 0.155056 0.052046
12 0.493197 0.540426 0.118435 0.047204
13 0.566829 0.822440 0.069347 0.151295
13 0.406319 0.820019 0.063113 0.127088
0 0.693835 0.688695 0.055321 0.121036
2 0.675914 0.508957 0.036621 0.056887
2 0.718379 0.506536 0.046751 0.054466
2 0.632670 0.522271 0.035842 0.044783
2 0.598386 0.527717 0.031167 0.048414
2 0.385281 0.530743 0.035063 0.059308
2 0.355673 0.516824 0.035063 0.065359
2 0.333076 0.518640 0.024154 0.049625
2 0.267626 0.499274 0.045971 0.068991
2 0.256328 0.554950 0.057659 0.066570
2 0.315155 0.571290 0.075580 0.058097
3 0.338141 0.662672 0.042076 0.102881
3 0.361127 0.439966 0.028830 0.090777
3 0.393463 0.452675 0.035842 0.111353
6 0.690979 0.577846 0.138347 0.090306
7 0.751690 0.684728 0.031643 0.036580
