4 0.337034 0.584705 0.048994 0.094879
4 0.385696 0.586420 0.019200 0.045725
4 0.402248 0.464106 0.029793 0.068587
4 0.424428 0.469250 0.029131 0.078875
4 0.570085 0.467535 0.021186 0.045725
4 0.567768 0.632716 0.016552 0.028578
4 0.685287 0.440101 0.046345 0.059442
9 0.335379 0.629858 0.028469 0.034294
2 0.591603 0.486397 0.029793 0.101738
3 0.589285 0.414380 0.017214 0.085734
7 0.586968 0.367513 0.021849 0.044582
7 0.399600 0.342936 0.021849 0.036580
4 0.516788 0.448102 0.028469 0.034294
1 0.491629 0.492112 0.115864 0.110882
8 0.291350 0.375514 0.039725 0.083448
8 0.373779 0.386946 0.040387 0.083448
8 0.665093 0.628144 0.056277 0.065158
5 0.417807 0.636145 0.023835 0.053727
5 0.473091 0.647005 0.015228 0.059442
5 0.526057 0.653864 0.020524 0.064015
5 0.447601 0.643004 0.017214 0.053727
5 0.384703 0.639575 0.018538 0.053727
5 0.561147 0.651006 0.017876 0.046868
5 0.602196 0.409236 0.019200 0.054870
