4 0.363250 0.534085 0.380348 0.560923
4 0.349260 0.509930 0.372058 0.533190
4 0.457553 0.561818 0.469989 0.596708
4 0.444599 0.557345 0.458071 0.597603
4 0.481387 0.554661 0.494859 0.613706
4 0.521285 0.550188 0.537865 0.600286
4 0.557037 0.540346 0.572063 0.573447
4 0.584455 0.632099 0.605907 0.660906
4 0.399498 0.641976 0.419518 0.675720
4 0.282230 0.626337 0.304158 0.666667
4 0.311785 0.502058 0.327517 0.523456
4 0.611641 0.621692 0.622707 0.644473
0 0.492042 0.715755 0.530348 0.806879
0 0.452884 0.715755 0.486934 0.807613
0 0.406918 0.704732 0.441819 0.801734
7 0.273272 0.720165 0.317962 0.783363
3 0.368186 0.689300 0.399682 0.786302
3 0.258800 0.666520 0.329879 0.737066
3 0.535456 0.418871 0.554183 0.545267
3 0.320942 0.426220 0.354140 0.518078
2 0.641860 0.591564 0.697616 0.643004
2 0.623133 0.593769 0.647819 0.635656
2 0.624836 0.505584 0.642286 0.554085
2 0.609088 0.504115 0.628240 0.543063
2 0.588232 0.515873 0.603980 0.537919
4 0.588657 0.528366 0.605683 0.554086
2 0.324347 0.518078 0.374145 0.576132
2 0.289871 0.512199 0.312855 0.556291
1 0.289871 0.593033 0.361801 0.684157
1 0.408193 0.618019 0.555885 0.728247
13 0.280374 0.776014 0.687268 0.872036
2 0.554206 0.602587 0.589107 0.681951
