3 0.407948 0.418588 0.425370 0.535714
3 0.578570 0.465629 0.599065 0.543395
3 0.632883 0.419547 0.663625 0.546275
3 0.608289 0.471390 0.622123 0.554916
3 0.619049 0.689325 0.668237 0.795892
3 0.671312 0.669162 0.713326 0.771890
3 0.334167 0.675883 0.375669 0.768049
1 0.303936 0.528994 0.316233 0.567396
1 0.326993 0.541475 0.341340 0.579877
1 0.346975 0.540515 0.386428 0.581797
1 0.424345 0.548195 0.431518 0.593318
1 0.663114 0.556835 0.699492 0.596198
1 0.696930 0.536674 0.735872 0.569316
1 0.700005 0.589478 0.736896 0.624040
1 0.264483 0.582757 0.295738 0.616359
1 0.313159 0.609638 0.343901 0.649962
2 0.404875 0.516513 0.417683 0.584677
2 0.578570 0.546274 0.603677 0.620200
2 0.599579 0.616359 0.694881 0.690284
2 0.343902 0.621160 0.393090 0.676844
6 0.375669 0.500192 0.405899 0.533794
6 0.467385 0.528034 0.477633 0.558756
1 0.271143 0.520354 0.297274 0.558756
