9 0.267128 0.594287 0.295870 0.633019
9 0.656898 0.634229 0.682134 0.656015
2 0.609227 0.518034 0.635867 0.561608
2 0.638670 0.578552 0.688443 0.630598
4 0.630259 0.492617 0.642877 0.520455
2 0.621846 0.497458 0.672320 0.559186
5 0.285355 0.595498 0.335127 0.653595
5 0.544734 0.660857 0.564362 0.709271
5 0.522301 0.665698 0.538425 0.710481
5 0.515290 0.467199 0.530011 0.519245
5 0.494961 0.469620 0.510383 0.518034
3 0.649886 0.626966 0.699659 0.731057
5 0.269398 0.399177 0.305150 0.473251
5 0.243180 0.567901 0.284891 0.606997
