9 0.658477 0.631430 0.679333 0.662294
9 0.268927 0.591564 0.294251 0.635288
2 0.636877 0.579990 0.681567 0.628858
4 0.627194 0.491255 0.642091 0.525977
2 0.603359 0.516975 0.635387 0.561985
2 0.627194 0.511831 0.668160 0.556841
5 0.514471 0.456104 0.531685 0.521262
5 0.493284 0.465249 0.513146 0.514403
5 0.544926 0.657293 0.564788 0.707591
5 0.521091 0.661865 0.540291 0.720165
5 0.288040 0.602423 0.333724 0.651577
5 0.239708 0.570416 0.279434 0.603566
5 0.278771 0.402378 0.297971 0.449246
3 0.643605 0.625515 0.715109 0.718108
