4 0.333856 0.648753 0.049088 0.079884
4 0.668122 0.675986 0.021038 0.027838
4 0.608905 0.574921 0.024154 0.038732
2 0.369308 0.656015 0.034284 0.058097
7 0.361516 0.419995 0.040517 0.075042
7 0.664226 0.795207 0.025713 0.038732
7 0.691887 0.783103 0.023375 0.038732
7 0.301130 0.423021 0.025713 0.047204
3 0.614749 0.488381 0.024934 0.102881
3 0.317103 0.723191 0.062334 0.117405
3 0.326064 0.479908 0.036621 0.098039
6 0.772532 0.668119 0.117656 0.140402
4 0.363075 0.672961 0.020259 0.021786
2 0.657214 0.650569 0.039738 0.066570
7 0.740196 0.760107 0.031167 0.050835
