6 0.725392 0.595497 0.827464 0.743161
4 0.657604 0.664488 0.680978 0.689906
4 0.626679 0.507973 0.644892 0.537551
4 0.599359 0.561986 0.624195 0.595422
4 0.305463 0.613426 0.359275 0.679012
4 0.356363 0.653537 0.376547 0.683911
2 0.635785 0.615998 0.675523 0.677726
2 0.351823 0.628858 0.385767 0.679012
7 0.677179 0.767747 0.702843 0.801183
7 0.649031 0.775463 0.687113 0.815329
7 0.340233 0.389661 0.385767 0.460391
7 0.288906 0.401235 0.312914 0.437243
3 0.283428 0.664609 0.352307 0.783951
3 0.304640 0.426955 0.344378 0.524691
3 0.598700 0.442387 0.628503 0.553497
7 0.726524 0.728395 0.755665 0.776749
