4 0.268876 0.477881 0.030466 0.044239
4 0.255298 0.515432 0.017882 0.028807
4 0.280466 0.539095 0.032453 0.028807
4 0.308614 0.555041 0.037089 0.048354
4 0.337424 0.579218 0.036426 0.045267
4 0.386434 0.504115 0.035102 0.074074
4 0.338417 0.474794 0.014571 0.027778
5 0.480149 0.657407 0.027817 0.041152
5 0.515582 0.658951 0.017882 0.050412
5 0.542074 0.646605 0.017882 0.040123
5 0.453657 0.644033 0.015895 0.039095
5 0.641750 0.450103 0.029141 0.070988
1 0.510946 0.533436 0.152991 0.112140
3 0.485116 0.444444 0.015233 0.053498
3 0.511608 0.447531 0.016557 0.078189
3 0.535782 0.439300 0.015895 0.065844
3 0.560619 0.437243 0.017882 0.067901
