5 0.245148 0.154291 0.065373 0.129774
5 0.736977 0.165992 0.066394 0.148921
5 0.781920 0.444687 0.066394 0.148921
5 0.191522 0.460642 0.070480 0.138284
8 0.469186 0.267383 0.038134 0.214162
8 0.606401 0.259582 0.037453 0.221254
4 0.564862 0.507783 0.017024 0.062405
4 0.657133 0.469490 0.023153 0.048222
4 0.647600 0.350353 0.036772 0.076588
4 0.521280 0.392902 0.022472 0.068078
4 0.495744 0.405666 0.019067 0.056732
4 0.431733 0.374464 0.029963 0.051059
4 0.526387 0.518421 0.013619 0.046804
4 0.547497 0.508493 0.012257 0.046804
4 0.475315 0.515584 0.012257 0.035457
4 0.489615 0.521966 0.009534 0.048222