7 0.484095 0.447228 0.028742 0.056887
7 0.542981 0.471435 0.024536 0.049625
7 0.516693 0.470225 0.022433 0.032680
4 0.395766 0.658436 0.021732 0.053256
4 0.411890 0.646938 0.020330 0.032680
4 0.462714 0.633624 0.016825 0.027838
4 0.612733 0.712297 0.021031 0.039942
4 0.584341 0.684459 0.017526 0.030259
3 0.399972 0.712902 0.020330 0.094408
3 0.580486 0.735294 0.021031 0.081094
3 0.566115 0.478092 0.021732 0.082305
3 0.425910 0.714718 0.010515 0.056887
4 0.419601 0.679012 0.021732 0.019366
7 0.513888 0.729847 0.026639 0.041152
5 0.539125 0.681433 0.014020 0.045994
5 0.520548 0.675986 0.014721 0.044783
5 0.501270 0.676592 0.015423 0.043573
5 0.484796 0.672961 0.010515 0.045994
5 0.465868 0.680223 0.011917 0.038732
1 0.512837 0.552530 0.230637 0.122246
1 0.575228 0.669329 0.025938 0.084725
1 0.429415 0.647543 0.028742 0.091987
2 0.399271 0.624546 0.032948 0.050835
2 0.617990 0.680828 0.028742 0.066570
2 0.601166 0.658436 0.028742 0.055677
2 0.555599 0.646938 0.023134 0.044783
2 0.450446 0.630598 0.021732 0.067780
