4 0.257973 0.548207 0.047670 0.099941
4 0.302663 0.521752 0.031496 0.058789
4 0.251163 0.472516 0.035752 0.045561
4 0.405238 0.629777 0.025537 0.036743
4 0.433329 0.656966 0.027240 0.044092
4 0.638904 0.618754 0.017876 0.038213
9 0.220944 0.593768 0.029793 0.041152
7 0.194981 0.622428 0.035752 0.060259
7 0.250738 0.385068 0.034901 0.049971
7 0.305217 0.396091 0.028091 0.066138
7 0.281382 0.402704 0.028091 0.067607
7 0.485681 0.435773 0.028091 0.048501
8 0.354164 0.486479 0.042562 0.105820
8 0.386085 0.489418 0.028091 0.067607
8 0.404387 0.490888 0.023835 0.073486
8 0.459292 0.468842 0.034901 0.117578
8 0.579317 0.487213 0.048521 0.116108
8 0.604429 0.514403 0.037455 0.088183
8 0.631669 0.530570 0.047670 0.088183
8 0.709557 0.505585 0.040008 0.094062
8 0.749991 0.496767 0.045967 0.108760
8 0.303940 0.621693 0.044265 0.055850
8 0.337990 0.636390 0.054480 0.070547
4 0.562718 0.566578 0.017025 0.024985
8 0.740908 0.626886 0.035752 0.052126
8 0.765935 0.614540 0.027013 0.076818
