8 0.764519 0.516975 0.024008 0.051440
8 0.743409 0.516332 0.034771 0.070730
8 0.625437 0.516332 0.035599 0.106739
8 0.478903 0.534979 0.037254 0.066872
8 0.334439 0.498971 0.031459 0.066872
8 0.237577 0.630144 0.024836 0.051440
4 0.579490 0.666795 0.031459 0.034722
4 0.569969 0.560057 0.024008 0.039866
4 0.321193 0.530478 0.056295 0.039866
5 0.791011 0.671939 0.040566 0.037294
3 0.585699 0.689943 0.033943 0.057870
1 0.611363 0.635931 0.047189 0.096451
1 0.779007 0.612140 0.064574 0.108025
1 0.539752 0.576775 0.115902 0.088735
1 0.368795 0.567130 0.197862 0.108025
1 0.412259 0.652006 0.355986 0.128601
