3 0.357143 0.752499 0.041711 0.129336
3 0.354164 0.510729 0.023835 0.113169
3 0.387362 0.520282 0.037455 0.105820
3 0.645714 0.507055 0.050223 0.117578
3 0.648693 0.751764 0.037455 0.080835
7 0.258824 0.754703 0.023835 0.042622
7 0.418858 0.799530 0.034050 0.049971
1 0.481424 0.594503 0.479250 0.130805
2 0.532924 0.615814 0.015322 0.049971
2 0.543991 0.615814 0.023835 0.041152
1 0.488234 0.660641 0.491167 0.154321
13 0.316283 0.388007 0.091083 0.185185
13 0.421837 0.325544 0.080868 0.230747
13 0.566123 0.328483 0.083422 0.230747
13 0.680615 0.447531 0.097893 0.163139
13 0.311176 0.851705 0.154075 0.142563
13 0.682743 0.856114 0.120876 0.133745
13 0.681892 0.803939 0.148116 0.102881
