7 0.623739 0.395177 0.031827 0.060313
7 0.280624 0.720197 0.027170 0.050931
7 0.304301 0.732260 0.031051 0.045570
3 0.305077 0.691381 0.038814 0.108564
3 0.490219 0.730249 0.020959 0.092480
3 0.575998 0.767777 0.023288 0.143411
3 0.619857 0.471573 0.024065 0.124647
3 0.506909 0.469563 0.026393 0.117946
3 0.462273 0.462191 0.025617 0.116605
3 0.398618 0.442087 0.025617 0.130008
3 0.348160 0.692721 0.027170 0.116605
0 0.650132 0.738961 0.042695 0.104543
0 0.683512 0.728239 0.033380 0.120626
0 0.715339 0.708134 0.039590 0.117946
0 0.343891 0.421982 0.045024 0.116605
0 0.300419 0.409920 0.029499 0.097841
0 0.272473 0.407239 0.031051 0.108564
2 0.312840 0.601581 0.057444 0.057633
2 0.264710 0.570084 0.040366 0.072376
2 0.480904 0.657874 0.016302 0.036188
2 0.501863 0.649162 0.011644 0.034848
2 0.359804 0.620345 0.038038 0.046910
2 0.577162 0.665915 0.036485 0.071035
2 0.748331 0.578796 0.041919 0.038868
4 0.523211 0.645811 0.017078 0.025466
13 0.680795 0.326152 0.076075 0.160835
13 0.561636 0.272540 0.076851 0.238572
13 0.392020 0.241043 0.083838 0.218467
13 0.291492 0.318780 0.111008 0.124647
13 0.693603 0.791903 0.140506 0.121966
13 0.240258 0.770458 0.148269 0.127328
1 0.642369 0.655193 0.036485 0.079077
1 0.673420 0.649162 0.039590 0.085779
1 0.702531 0.636429 0.035709 0.065674
1 0.494488 0.528745 0.504580 0.205986
