4 0.567437 0.670129 0.581777 0.691349
4 0.584644 0.677909 0.601032 0.701960
2 0.696493 0.502480 0.733366 0.559070
2 0.655523 0.537142 0.687480 0.576754
2 0.676009 0.576755 0.715340 0.631930
2 0.625614 0.610001 0.666994 0.663762
2 0.596526 0.640418 0.632580 0.676494
2 0.564568 0.651736 0.598984 0.684983
2 0.410521 0.635466 0.437151 0.683568
2 0.378973 0.563315 0.408473 0.602927
2 0.357259 0.537848 0.386759 0.588780
2 0.512783 0.598732 0.534415 0.642872
12 0.441986 0.649663 0.559980 0.708233
3 0.351033 0.689558 0.391348 0.792269
0 0.319994 0.681307 0.362959 0.773203
1 0.325767 0.594946 0.418751 0.695700
13 0.189817 0.670234 0.330897 0.763239
13 0.211620 0.726701 0.347570 0.818599
13 0.639348 0.737774 0.786200 0.832993
13 0.611774 0.749953 0.766962 0.887245
