4 0.528292 0.549072 0.028158 0.035408
4 0.719362 0.608433 0.064360 0.060402
4 0.601368 0.509498 0.018772 0.024994
8 0.296997 0.404835 0.046929 0.105184
8 0.451529 0.444930 0.030169 0.114556
8 0.556449 0.463155 0.038884 0.105184
8 0.611089 0.442847 0.031510 0.120805
9 0.741150 0.655297 0.039555 0.041657
9 0.331858 0.670398 0.028158 0.046864
5 0.560472 0.701120 0.024135 0.064568
5 0.590641 0.686540 0.021453 0.043740
5 0.622821 0.678729 0.021453 0.040615
5 0.653325 0.675605 0.012738 0.040615
5 0.535331 0.692268 0.018101 0.053113
5 0.512202 0.689143 0.018772 0.044781
5 0.494436 0.687061 0.014079 0.048947
5 0.470636 0.692268 0.018772 0.053113
5 0.366050 0.659463 0.016090 0.039574
5 0.503151 0.490753 0.030169 0.056237
