7 0.288840 0.773880 0.310964 0.819506
7 0.634218 0.770697 0.668633 0.824811
7 0.679696 0.778124 0.703048 0.813140
7 0.654498 0.425851 0.675394 0.464049
2 0.239676 0.581827 0.293757 0.660346
2 0.288840 0.627453 0.352139 0.709155
2 0.538963 0.563789 0.564159 0.607293
2 0.620084 0.640185 0.654499 0.700666
2 0.651425 0.620026 0.697517 0.663530
2 0.703663 0.586072 0.754055 0.644430
4 0.696903 0.519226 0.712267 0.542568
1 0.658801 0.527713 0.717183 0.606232
3 0.258113 0.700667 0.332474 0.790857
3 0.660644 0.414180 0.695060 0.524531
3 0.626844 0.701728 0.655728 0.791918
2 0.457227 0.581882 0.472452 0.626242
2 0.446284 0.583526 0.460082 0.625421
