7 0.484802 0.507477 0.037194 0.055360
7 0.562716 0.775418 0.031422 0.039859
7 0.590291 0.794794 0.023727 0.043181
8 0.717263 0.587749 0.062203 0.105184
8 0.523919 0.589963 0.038476 0.056467
8 0.554380 0.571141 0.042965 0.116256
8 0.458189 0.599928 0.027575 0.043181
8 0.487688 0.570033 0.039118 0.118470
8 0.446646 0.728363 0.036553 0.087469
4 0.574259 0.676878 0.021162 0.046502
4 0.606644 0.680753 0.014108 0.025466
4 0.586444 0.673556 0.014749 0.046502
4 0.509811 0.665252 0.011543 0.029894
4 0.504361 0.673556 0.013467 0.026573
4 0.531294 0.669128 0.014749 0.033216
4 0.590291 0.600481 0.025010 0.059789
4 0.489291 0.665806 0.014108 0.039859
1 0.418110 0.670235 0.052584 0.084147
