0 0.346747 0.453629 0.028813 0.079094
0 0.685090 0.687035 0.041984 0.139578
0 0.644752 0.719603 0.038691 0.148883
1 0.669449 0.555986 0.035398 0.054280
1 0.337257 0.619624 0.025684 0.048387
1 0.469960 0.565860 0.005708 0.026882
1 0.487440 0.577285 0.009275 0.038978
1 0.497428 0.579301 0.012129 0.034946
1 0.517762 0.577285 0.007135 0.038978
1 0.528820 0.573253 0.010702 0.049731
1 0.545943 0.572581 0.007848 0.043011
1 0.595171 0.551075 0.013556 0.045699
1 0.611938 0.554435 0.014269 0.028226
1 0.625850 0.551075 0.010702 0.026882