7 0.547362 0.751719 0.596526 0.840848
4 0.664536 0.528189 0.706326 0.587609
4 0.349066 0.619886 0.366084 0.655146
4 0.281749 0.608785 0.294229 0.639474
2 0.286665 0.597685 0.303305 0.637516
2 0.341501 0.604868 0.363059 0.640781
2 0.276454 0.524553 0.319189 0.561773
2 0.232963 0.484069 0.261705 0.553283
2 0.653127 0.536959 0.672793 0.589849
3 0.678887 0.406971 0.723135 0.532843
13 0.266189 0.276899 0.384885 0.451520
13 0.377862 0.170187 0.464954 0.387250
13 0.562579 0.188377 0.634921 0.421205
13 0.207192 0.731642 0.344852 0.850480
13 0.607529 0.726791 0.752915 0.890498
13 0.637730 0.289026 0.729035 0.436970
