4 0.347909 0.589218 0.387819 0.634158
4 0.323616 0.619177 0.347909 0.665614
4 0.646365 0.584724 0.706230 0.674602
4 0.280236 0.583226 0.306264 0.611688
4 0.225577 0.427438 0.250738 0.463388
7 0.671706 0.730377 0.711037 0.800407
7 0.317724 0.754781 0.357670 0.808895
7 0.250738 0.708094 0.275320 0.764330
4 0.528515 0.522530 0.548181 0.562142
4 0.344969 0.652687 0.364635 0.685227
2 0.701409 0.553655 0.756309 0.600341
2 0.697313 0.597511 0.718617 0.627221
2 0.576860 0.485747 0.603082 0.577705
2 0.594887 0.487161 0.630941 0.572047
2 0.503114 0.514042 0.517044 0.569217
2 0.485907 0.521115 0.507211 0.559313
2 0.402327 0.656931 0.438381 0.716351
2 0.558833 0.665419 0.585873 0.723425
2 0.372828 0.635709 0.392494 0.686640
2 0.375287 0.581949 0.411341 0.642783
2 0.234350 0.529604 0.294166 0.584778
2 0.298264 0.570631 0.362177 0.630051
3 0.603900 0.369737 0.642412 0.494235
3 0.583415 0.362662 0.608817 0.499893
3 0.686661 0.655516 0.743199 0.770111
3 0.337594 0.661176 0.372828 0.787088
3 0.273680 0.614488 0.313011 0.741816
6 0.137659 0.504138 0.237627 0.692300
