4 0.675825 0.616141 0.042016 0.052583
3 0.551988 0.506401 0.022851 0.070873
3 0.527663 0.494970 0.014005 0.061728
3 0.338591 0.508688 0.057496 0.082305
5 0.603218 0.732167 0.022114 0.035437
5 0.573365 0.733310 0.024325 0.046868
5 0.544985 0.728738 0.019165 0.049154
5 0.520292 0.727023 0.014005 0.052583
5 0.499284 0.729310 0.011794 0.057156
5 0.481593 0.728738 0.013268 0.065158
5 0.459479 0.726452 0.020639 0.046868
5 0.429625 0.729881 0.012531 0.042295
1 0.486384 0.582990 0.353083 0.100594
5 0.622015 0.526406 0.034645 0.046868
