1 0.422072 0.538152 0.434420 0.575372
1 0.446769 0.538151 0.454178 0.578475
2 0.357861 0.530397 0.421249 0.618797
2 0.543909 0.517989 0.654220 0.590881
2 0.466525 0.434244 0.604002 0.539702
3 0.397375 0.597084 0.410547 0.682382
3 0.537322 0.589330 0.558726 0.663772
3 0.567782 0.589330 0.588362 0.702543
3 0.441829 0.348946 0.454177 0.393921
4 0.525353 0.548600 0.551263 0.602716
4 0.558585 0.586799 0.592380 0.614389
4 0.487615 0.446732 0.499443 0.472199
4 0.467337 0.436120 0.475787 0.467954
7 0.536055 0.670628 0.565907 0.743846
7 0.432979 0.325765 0.455509 0.365026
8 0.253301 0.337437 0.293855 0.438243
8 0.627302 0.365026 0.645326 0.403226
8 0.687007 0.357598 0.726435 0.410654
8 0.729814 0.463710 0.771495 0.575128
