4 0.267829 0.479303 0.309189 0.544662
4 0.287458 0.421206 0.324612 0.490197
4 0.371581 0.531348 0.396117 0.577342
4 0.425559 0.556765 0.457807 0.600338
4 0.562960 0.576131 0.588898 0.619704
4 0.659000 0.525296 0.716484 0.578552
4 0.633062 0.521666 0.661804 0.577342
4 0.712278 0.467199 0.734010 0.505931
4 0.612032 0.491407 0.647083 0.559187
4 0.557352 0.504721 0.574878 0.554346
4 0.567867 0.518034 0.583290 0.543452
7 0.387704 0.660857 0.416446 0.705641
7 0.502672 0.680223 0.530713 0.722585
7 0.419250 0.651173 0.453600 0.714113
7 0.531413 0.376422 0.555249 0.411522
6 0.715083 0.503510 0.806215 0.645122
6 0.241191 0.317114 0.336529 0.436940
8 0.434673 0.381263 0.469723 0.524087
8 0.495662 0.394578 0.527208 0.516824
8 0.518796 0.389736 0.560856 0.534979
8 0.593805 0.590656 0.628856 0.665698
8 0.307787 0.541031 0.367375 0.626967
