4 0.348619 0.558186 0.034971 0.058937
4 0.376055 0.570317 0.028796 0.034890
7 0.349563 0.450886 0.036858 0.055466
9 0.662815 0.716049 0.024373 0.036214
5 0.534235 0.701303 0.022077 0.060585
5 0.511422 0.695588 0.016190 0.049154
5 0.490082 0.692158 0.019133 0.049154
5 0.468373 0.697302 0.016925 0.054870
5 0.446664 0.693301 0.017661 0.053727
5 0.566982 0.697874 0.016925 0.035437
5 0.565510 0.502401 0.021341 0.049154
5 0.536811 0.504687 0.015454 0.044582
5 0.500384 0.507545 0.017661 0.048011
5 0.462854 0.508688 0.020605 0.041152
5 0.431211 0.510974 0.019133 0.034294
5 0.386689 0.512689 0.022813 0.037723
