4 0.541027 0.582990 0.022345 0.044582
4 0.570573 0.582562 0.021849 0.043724
4 0.512227 0.595850 0.015393 0.034294
4 0.470020 0.584276 0.020359 0.043724
4 0.268417 0.569702 0.048166 0.084877
4 0.293741 0.598422 0.050152 0.060014
4 0.568586 0.660580 0.027807 0.060871
4 0.600118 0.653721 0.026318 0.038580
4 0.635622 0.654578 0.027807 0.064300
7 0.201133 0.609139 0.041711 0.066015
7 0.436502 0.803326 0.054621 0.078875
4 0.343467 0.530771 0.022751 0.042088
8 0.426347 0.726712 0.054170 0.144033
4 0.429327 0.528432 0.030877 0.071081
4 0.737825 0.479798 0.019501 0.035541
