6 0.257285 0.438272 0.072191 0.160494
4 0.425178 0.555556 0.037089 0.053498
4 0.660957 0.519547 0.017220 0.057613
4 0.680826 0.528807 0.023843 0.037037
7 0.603337 0.405864 0.034440 0.052469
7 0.393388 0.796296 0.030466 0.030864
8 0.755003 0.645062 0.043712 0.092593
8 0.602675 0.468107 0.031790 0.115226
8 0.574858 0.431070 0.037089 0.158436
8 0.269207 0.673354 0.025830 0.056584
8 0.291063 0.717593 0.044374 0.083333
7 0.619563 0.799897 0.039076 0.056584
5 0.626848 0.711934 0.013908 0.049383
5 0.599032 0.717078 0.020531 0.051440
5 0.381466 0.733539 0.023843 0.067901
5 0.315568 0.736626 0.050997 0.069959
5 0.632478 0.467078 0.014571 0.051440
5 0.678177 0.496914 0.023843 0.065844
5 0.536445 0.480967 0.021194 0.048354
5 0.393388 0.485082 0.034440 0.046296
5 0.328151 0.474280 0.027154 0.051440
1 0.516576 0.670267 0.162926 0.108025
1 0.614927 0.653807 0.041725 0.085391
1 0.334443 0.644033 0.190742 0.127572
1 0.512602 0.537551 0.115240 0.138889
7 0.657977 0.427469 0.032453 0.048354
7 0.673872 0.442387 0.032453 0.043210
