2 0.635162 0.631720 0.116828 0.077285
2 0.625352 0.532594 0.125747 0.063844
2 0.347105 0.634241 0.125747 0.089046
1 0.369846 0.553595 0.042807 0.065524
1 0.420234 0.567876 0.015161 0.040323
1 0.567384 0.620800 0.022295 0.062164
3 0.586558 0.452789 0.024971 0.126008
3 0.702495 0.688004 0.053509 0.072245
3 0.601273 0.726647 0.018728 0.119288
3 0.577194 0.711526 0.024079 0.126008
7 0.585235 0.766633 0.012842 0.013105
6 0.639385 0.460685 0.018404 0.048387
6 0.654203 0.670659 0.032105 0.036765
6 0.586844 0.683705 0.020774 0.039137
6 0.467235 0.514113 0.010702 0.050996
6 0.442055 0.511741 0.006925 0.043880
6 0.495564 0.508183 0.013220 0.050996
6 0.526096 0.512334 0.012590 0.049810
6 0.549703 0.505218 0.011961 0.054554
6 0.695751 0.641603 0.014479 0.049810
6 0.407479 0.676663 0.006020 0.032762
6 0.429886 0.672253 0.009364 0.036542
6 0.454634 0.679183 0.012040 0.045363
6 0.472693 0.683594 0.013377 0.034022
6 0.493762 0.682334 0.010033 0.044103
6 0.513494 0.677923 0.012040 0.045363
6 0.345738 0.480313 0.016997 0.056926