4 0.720414 0.621857 0.741019 0.657293
7 0.240616 0.689300 0.272259 0.731595
2 0.251654 0.451532 0.296542 0.508688
2 0.429739 0.508688 0.454023 0.570416
2 0.458438 0.509831 0.497440 0.578418
2 0.705697 0.492683 0.757209 0.538408
2 0.685092 0.512117 0.708640 0.558985
2 0.668902 0.525834 0.690244 0.570416
2 0.661544 0.587562 0.728510 0.680155
2 0.716735 0.556698 0.765305 0.635574
2 0.283297 0.570416 0.351735 0.658436
2 0.234729 0.513261 0.291392 0.597852
2 0.180273 0.482397 0.228841 0.550983
5 0.711585 0.636717 0.743963 0.683585
3 0.736604 0.616141 0.813136 0.709877
3 0.676997 0.665295 0.743227 0.767033
3 0.250918 0.641289 0.311997 0.757887
3 0.429002 0.410380 0.450344 0.502973
3 0.468741 0.422955 0.496705 0.514404
