12 0.280627 0.715664 0.089410 0.153035
12 0.250823 0.429527 0.051328 0.156893
12 0.292217 0.448817 0.059607 0.164609
13 0.230954 0.803112 0.142394 0.070730
13 0.748790 0.767747 0.136599 0.108025
13 0.595633 0.351080 0.111763 0.228909
13 0.392390 0.343364 0.099345 0.241770
9 0.699117 0.698945 0.035599 0.047582
9 0.220192 0.670653 0.021525 0.057870
13 0.705740 0.395448 0.073681 0.183899
13 0.648617 0.480967 0.052156 0.069444
2 0.758310 0.599923 0.034771 0.045010
12 0.520297 0.594779 0.474372 0.137603
12 0.518641 0.661651 0.447880 0.147891
