7 0.593711 0.362503 0.087268 0.093198
7 0.693445 0.390947 0.035842 0.067780
7 0.227109 0.599129 0.036621 0.050835
5 0.721496 0.424231 0.029609 0.066570
5 0.447615 0.435125 0.031946 0.061728
5 0.409436 0.421206 0.022596 0.072622
5 0.668901 0.427863 0.042855 0.066570
8 0.226719 0.539821 0.074801 0.089567
8 0.252432 0.571290 0.073243 0.077463
4 0.751104 0.462963 0.040517 0.054466
5 0.581634 0.430283 0.030388 0.073832
5 0.613580 0.434519 0.021038 0.072622
1 0.581634 0.529533 0.385692 0.122246
1 0.554362 0.626967 0.039738 0.094408
