8 0.216788 0.586420 0.252540 0.645576
4 0.350115 0.505401 0.381398 0.541409
4 0.546007 0.505401 0.562393 0.538837
4 0.531110 0.513117 0.543772 0.540123
4 0.520681 0.501543 0.531855 0.523405
2 0.356818 0.627572 0.381398 0.676440
2 0.495357 0.514403 0.524406 0.576131
2 0.462585 0.498971 0.485675 0.556841
7 0.355328 0.411522 0.393315 0.489970
3 0.460180 0.436671 0.484677 0.510974
3 0.503877 0.435528 0.529699 0.512118
3 0.536319 0.422954 0.560816 0.502972
5 0.694555 0.470964 0.721039 0.529263
5 0.735604 0.472107 0.759440 0.528120
5 0.552209 0.466392 0.572071 0.523548
5 0.416483 0.462963 0.433697 0.532693
5 0.446938 0.469822 0.461504 0.506402
5 0.422442 0.664152 0.442304 0.714449
5 0.382055 0.676727 0.399269 0.716735
5 0.450249 0.661865 0.472759 0.708733
5 0.485339 0.650435 0.503215 0.711019
5 0.515795 0.660722 0.534995 0.713306
5 0.549561 0.657293 0.564789 0.715593
5 0.587299 0.673297 0.607823 0.717879
1 0.551547 0.515546 0.704487 0.611568
1 0.199322 0.482396 0.405228 0.611568
