4 0.381906 0.551555 0.036794 0.062872
4 0.383378 0.669867 0.023548 0.041152
4 0.403615 0.679584 0.030171 0.051440
4 0.264900 0.624714 0.069174 0.069730
4 0.426427 0.687014 0.018397 0.036580
4 0.640203 0.662437 0.014718 0.024005
2 0.503696 0.593278 0.027228 0.057156
2 0.547481 0.585848 0.023548 0.028578
2 0.561463 0.578989 0.017661 0.058299
1 0.674054 0.542410 0.200162 0.158893
3 0.654185 0.446388 0.029436 0.108596
3 0.380802 0.494970 0.021341 0.073160
8 0.748378 0.689872 0.073589 0.074303
8 0.777078 0.656150 0.083891 0.091449
7 0.773399 0.741884 0.035323 0.050297
7 0.807250 0.707019 0.041210 0.069730
