4 0.669516 0.531954 0.037855 0.071411
4 0.644629 0.648148 0.045567 0.066570
4 0.432920 0.543452 0.023134 0.048414
4 0.472178 0.550714 0.032948 0.087146
4 0.514940 0.568870 0.023134 0.062939
4 0.543331 0.558581 0.016825 0.049625
4 0.551393 0.561002 0.016124 0.025418
4 0.685639 0.597313 0.028041 0.032680
7 0.664959 0.743161 0.034350 0.065359
7 0.688443 0.737715 0.029443 0.064149
7 0.333725 0.416969 0.042061 0.052046
6 0.222613 0.588235 0.091834 0.145243
8 0.457106 0.458122 0.043463 0.127088
8 0.327066 0.453280 0.035752 0.093198
8 0.347746 0.453280 0.026639 0.088356
