7 0.726950 0.663883 0.032725 0.049625
7 0.650591 0.720770 0.028050 0.039942
8 0.637734 0.658436 0.041296 0.128298
8 0.698120 0.623941 0.065451 0.081094
8 0.721885 0.589446 0.033505 0.053256
3 0.416838 0.408497 0.045192 0.148874
3 0.525533 0.403050 0.016363 0.082305
3 0.549687 0.405471 0.017921 0.072622
3 0.457745 0.425442 0.025713 0.102881
7 0.461640 0.358872 0.031946 0.052046
2 0.744092 0.521665 0.067009 0.053256
2 0.499431 0.521060 0.021817 0.068991
2 0.467484 0.527717 0.021817 0.053256
2 0.495924 0.585815 0.019479 0.036311
4 0.512062 0.602787 0.017461 0.068275
4 0.471119 0.584082 0.021073 0.032735
1 0.605687 0.501309 0.207119 0.127198
1 0.356421 0.497101 0.234815 0.126263
13 0.124616 0.644407 0.132460 0.203891
13 0.172784 0.550879 0.137277 0.218855
