7 0.703866 0.785524 0.029443 0.053256
2 0.678278 0.587630 0.041360 0.054466
4 0.628856 0.579763 0.015423 0.033890
2 0.626987 0.598050 0.013472 0.036679
2 0.615329 0.594471 0.018135 0.042047
2 0.693828 0.658436 0.040416 0.060834
2 0.649786 0.688406 0.049742 0.076042
2 0.381385 0.577921 0.038343 0.062623
2 0.342524 0.573895 0.053887 0.079621
6 0.736057 0.450886 0.054406 0.141349
6 0.274388 0.443729 0.073059 0.155663
6 0.240449 0.679012 0.092230 0.119878
3 0.676211 0.763106 0.045597 0.093040
7 0.676729 0.813652 0.027980 0.033101
