4 0.681718 0.412894 0.718266 0.493828
6 0.229443 0.320988 0.297968 0.433128
7 0.697797 0.657407 0.731762 0.707819
8 0.685283 0.586420 0.731165 0.673868
8 0.661448 0.569959 0.716268 0.692387
9 0.637017 0.627572 0.661448 0.664609
5 0.312269 0.653292 0.363513 0.701646
5 0.277708 0.623456 0.304522 0.647119
1 0.600074 0.549382 0.671578 0.629629
1 0.572663 0.457819 0.651318 0.553498
1 0.280091 0.452675 0.436209 0.575103
1 0.305118 0.572016 0.387348 0.667695
2 0.270558 0.524691 0.311076 0.588477
2 0.387348 0.609054 0.418334 0.658436
2 0.414758 0.583333 0.443956 0.635803
2 0.704350 0.512346 0.747253 0.587448
2 0.684688 0.492798 0.725206 0.532921
2 0.644764 0.434157 0.684686 0.539095
