9 0.755151 0.541410 0.785035 0.576132
9 0.271036 0.609568 0.294196 0.645576
7 0.260577 0.645576 0.304655 0.697016
7 0.232934 0.617284 0.266553 0.671296
7 0.670730 0.617284 0.702108 0.648148
7 0.649065 0.652006 0.677454 0.686728
4 0.278508 0.528550 0.339022 0.601852
4 0.199316 0.488683 0.243394 0.543981
4 0.722280 0.484825 0.774576 0.537551
4 0.734980 0.461677 0.780553 0.522119
8 0.705096 0.429527 0.728256 0.501543
8 0.718545 0.389660 0.738715 0.480967
8 0.659524 0.398662 0.685672 0.507973
8 0.675212 0.379373 0.712568 0.522119
8 0.653548 0.561986 0.695384 0.635288
8 0.667741 0.522120 0.716303 0.619857
8 0.686419 0.519548 0.744692 0.591564
8 0.275518 0.437242 0.307643 0.527263
8 0.305403 0.455246 0.342009 0.536265
8 0.287473 0.419239 0.318103 0.516976
8 0.240406 0.435956 0.280002 0.528550
8 0.216498 0.540124 0.281496 0.600566
