7 0.672174 0.818416 0.029793 0.042181
7 0.331336 0.797325 0.025027 0.049383
7 0.701073 0.796296 0.019664 0.030864
3 0.676345 0.762346 0.064354 0.088477
3 0.701669 0.484568 0.030389 0.109053
3 0.618546 0.520576 0.028602 0.104938
3 0.366195 0.512346 0.022047 0.125514
3 0.328953 0.742798 0.061970 0.125514
2 0.350106 0.665123 0.053032 0.046296
2 0.304522 0.634259 0.047670 0.077160
2 0.358448 0.592078 0.028006 0.054527
2 0.617056 0.599280 0.035156 0.062757
2 0.641784 0.613683 0.019068 0.040123
2 0.622419 0.677984 0.023239 0.055556
2 0.655489 0.692901 0.045286 0.068930
2 0.691540 0.639403 0.044690 0.058642
