7 0.662201 0.815329 0.689015 0.862911
7 0.303935 0.788323 0.335218 0.843621
3 0.646546 0.731310 0.708616 0.833333
3 0.700671 0.459534 0.730961 0.578704
3 0.333217 0.457819 0.366486 0.592421
3 0.284555 0.693587 0.352087 0.808470
2 0.269162 0.608710 0.322294 0.687585
2 0.304914 0.640432 0.362018 0.704732
2 0.327755 0.594136 0.365990 0.631858
2 0.605332 0.655006 0.636614 0.710734
2 0.638601 0.610426 0.659457 0.648149
2 0.611290 0.576989 0.635126 0.635289
2 0.636118 0.670439 0.682298 0.740741
2 0.677332 0.622428 0.721526 0.690158
3 0.618739 0.507544 0.640091 0.582990
12 0.279093 0.426954 0.732947 0.637860
