4 0.363414 0.542052 0.033115 0.063014
4 0.407292 0.549769 0.031459 0.055298
4 0.594805 0.640432 0.024008 0.059156
4 0.612605 0.650720 0.014902 0.036008
4 0.568727 0.543338 0.019869 0.037294
4 0.547202 0.558128 0.014902 0.020576
4 0.694978 0.546553 0.032287 0.059156
7 0.598531 0.751672 0.029803 0.045010
7 0.365898 0.753601 0.026492 0.051440
5 0.582801 0.707948 0.028148 0.073302
5 0.549686 0.691872 0.031459 0.084877
5 0.478903 0.673225 0.022353 0.065586
5 0.453653 0.674511 0.021525 0.063014
5 0.487595 0.493827 0.021525 0.064300
5 0.456550 0.494470 0.025664 0.063014
5 0.423849 0.503472 0.014902 0.068158
5 0.402324 0.506044 0.014902 0.050154
5 0.662691 0.464892 0.022353 0.073302
5 0.545961 0.468750 0.022353 0.070730
5 0.575350 0.479681 0.021525 0.077160
8 0.371279 0.708591 0.040566 0.092593
8 0.287664 0.507330 0.035599 0.093879
8 0.533543 0.473251 0.043877 0.138889
7 0.528575 0.414738 0.032287 0.060442
