6 0.763499 0.522119 0.846921 0.686728
6 0.700932 0.335649 0.773181 0.470680
6 0.210830 0.343365 0.283824 0.457819
6 0.131877 0.513118 0.211575 0.655864
4 0.269672 0.549126 0.326280 0.639146
4 0.510999 0.536266 0.531110 0.583848
4 0.522917 0.543982 0.539303 0.582562
4 0.661457 0.502829 0.692739 0.546553
7 0.248817 0.700875 0.271161 0.744599
7 0.262968 0.706019 0.294996 0.757459
13 0.601124 0.595422 0.633152 0.688014
13 0.579524 0.452674 0.649539 0.550411
13 0.312128 0.426954 0.362776 0.505401
13 0.327769 0.677727 0.508019 0.830762
13 0.303935 0.757459 0.471523 0.902778
13 0.291272 0.618570 0.335962 0.682870
