3 0.703912 0.412809 0.750092 0.500258
3 0.668905 0.420524 0.714339 0.513118
3 0.630174 0.433385 0.679333 0.545268
3 0.336707 0.711163 0.358307 0.820473
4 0.321810 0.682870 0.346390 0.715020
2 0.626448 0.550412 0.650284 0.601852
2 0.649539 0.546554 0.683801 0.601852
2 0.674863 0.501543 0.738919 0.588991
2 0.714340 0.502829 0.764988 0.565843
2 0.655498 0.608282 0.700932 0.716307
6 0.154967 0.590278 0.234665 0.740741
6 0.687526 0.336935 0.782865 0.495113
9 0.231685 0.658436 0.265948 0.708590
5 0.539303 0.491255 0.566861 0.561985
5 0.504296 0.500257 0.522172 0.559413
5 0.577290 0.493827 0.590696 0.558127
5 0.467799 0.498971 0.490889 0.565843
5 0.449177 0.493827 0.464075 0.554269
5 0.331494 0.464248 0.362032 0.543982
5 0.292018 0.466821 0.312872 0.522119
5 0.352349 0.694445 0.375439 0.751029
5 0.397040 0.698303 0.417895 0.739455
5 0.432046 0.691873 0.454391 0.729167
5 0.471523 0.690587 0.493867 0.731739
5 0.496103 0.693159 0.517703 0.736883
5 0.522172 0.690587 0.547496 0.748457
5 0.555689 0.695731 0.576545 0.753601
5 0.584739 0.695731 0.610807 0.753601
5 0.616766 0.691873 0.641346 0.745885
5 0.656242 0.681585 0.678588 0.744599
5 0.713595 0.663580 0.746367 0.720164
