4 0.215403 0.457007 0.266295 0.511155
4 0.333222 0.565302 0.378537 0.629196
4 0.497054 0.529564 0.516574 0.578297
4 0.667161 0.501408 0.682497 0.542560
4 0.645548 0.503574 0.661583 0.542560
4 0.605811 0.501407 0.625331 0.536062
4 0.599536 0.591294 0.622542 0.633529
4 0.580016 0.594541 0.596051 0.641108
4 0.681801 0.510072 0.705504 0.556639
4 0.358320 0.492744 0.379235 0.532813
4 0.775220 0.444011 0.805895 0.485163
3 0.474048 0.395278 0.495660 0.529564
2 0.470562 0.532813 0.504026 0.586961
2 0.324856 0.500325 0.365988 0.558805
2 0.363200 0.508989 0.382024 0.554473
