1 0.351089 0.571632 0.025181 0.061670
1 0.379103 0.560365 0.033365 0.060484
1 0.443314 0.560365 0.009443 0.041509
1 0.455589 0.547320 0.013849 0.022533
1 0.653573 0.533681 0.049732 0.054554
1 0.680013 0.591793 0.052250 0.054554
1 0.595657 0.595351 0.022033 0.035579
1 0.408690 0.634488 0.013220 0.026091
3 0.371549 0.472604 0.024551 0.119782
3 0.651685 0.701494 0.058545 0.117410
2 0.637835 0.611361 0.050991 0.067600
3 0.598805 0.464303 0.014479 0.077087
6 0.339443 0.719284 0.047214 0.053368
6 0.620523 0.652277 0.011331 0.028463