4 0.563760 0.555556 0.592736 0.590278
4 0.536440 0.542696 0.564588 0.582562
4 0.371693 0.537552 0.394873 0.565844
4 0.399013 0.641718 0.421366 0.684156
2 0.679663 0.599280 0.739270 0.677727
7 0.537887 0.437467 0.564955 0.482198
3 0.518881 0.455359 0.551708 0.561818
3 0.584535 0.501879 0.607572 0.573447
3 0.554013 0.511719 0.571865 0.572553
5 0.535707 0.680155 0.561463 0.743027
5 0.498912 0.677870 0.515102 0.752173
5 0.473156 0.680155 0.486402 0.733882
5 0.448872 0.673297 0.462854 0.735025
5 0.420908 0.675583 0.438570 0.738455
