0 0.675608 0.333076 0.040221 0.095165
7 0.719554 0.608282 0.034263 0.046296
7 0.684546 0.630787 0.025324 0.042438
3 0.690133 0.558771 0.051394 0.101595
3 0.720298 0.334362 0.047670 0.102881
2 0.716202 0.414738 0.037987 0.075874
2 0.668532 0.493827 0.060332 0.048868
2 0.327769 0.497042 0.043201 0.047582
1 0.678215 0.417310 0.035007 0.083591
13 0.744133 0.639789 0.131091 0.101595
13 0.743761 0.697016 0.133326 0.110597
13 0.251423 0.672582 0.170568 0.108025
13 0.319948 0.227623 0.099063 0.167181
13 0.413053 0.171039 0.079698 0.241770
13 0.575428 0.151106 0.082677 0.225051
13 0.668532 0.236626 0.094594 0.169753
12 0.504668 0.473894 0.192913 0.075874
12 0.512116 0.530478 0.166099 0.052726
