4 0.263341 0.592850 0.060332 0.097737
4 0.348252 0.659079 0.023090 0.052726
2 0.316224 0.624357 0.070760 0.068158
2 0.696464 0.567130 0.029793 0.061728
2 0.658849 0.609568 0.027559 0.043724
2 0.617511 0.616641 0.032773 0.057870
2 0.591069 0.630144 0.023090 0.066872
2 0.534462 0.541409 0.021600 0.056584
2 0.496847 0.548483 0.014897 0.050154
2 0.478599 0.540123 0.015642 0.043724
2 0.466681 0.534336 0.015642 0.032150
2 0.419384 0.527906 0.034263 0.060442
2 0.392942 0.515046 0.027559 0.060442
2 0.413888 0.633184 0.039002 0.050505
1 0.375157 0.627104 0.064462 0.094463
1 0.512478 0.542462 0.037919 0.087916
7 0.221856 0.695847 0.044961 0.072952
3 0.289839 0.701459 0.073671 0.114104
3 0.355926 0.714553 0.053087 0.115975
3 0.393845 0.435840 0.034669 0.102881
3 0.510311 0.452207 0.015168 0.070146
3 0.533062 0.455948 0.019501 0.090722
3 0.588316 0.717826 0.017334 0.118780
