13 0.504207 0.840878 0.155420 0.098765
13 0.487428 0.897805 0.155420 0.102881
13 0.878185 0.655693 0.117448 0.134431
13 0.837123 0.500686 0.044153 0.224966
13 0.817254 0.447188 0.064464 0.189300
7 0.382785 0.748971 0.073294 0.104252
7 0.762503 0.386831 0.043270 0.076818
8 0.239728 0.591221 0.045036 0.065844
8 0.294037 0.617970 0.052984 0.072702
8 0.263130 0.596708 0.051218 0.065844
8 0.319646 0.639918 0.098903 0.064472
8 0.357176 0.660494 0.055633 0.072702
4 0.409277 0.650206 0.045036 0.063100
8 0.635783 0.684499 0.037089 0.068587
8 0.665366 0.663923 0.030907 0.041152
8 0.688326 0.660494 0.030907 0.045267
4 0.724532 0.582990 0.039738 0.063100
4 0.754114 0.581619 0.038855 0.082305
4 0.754997 0.496571 0.037089 0.054870
4 0.539971 0.554870 0.023843 0.061728
4 0.583683 0.539095 0.021194 0.052126
8 0.640199 0.479424 0.037089 0.097394
8 0.706870 0.466392 0.030907 0.093278
8 0.685677 0.443073 0.027375 0.057613
8 0.727622 0.469136 0.028258 0.057613
8 0.566463 0.479424 0.045036 0.165981
