3 0.288160 0.511982 0.330221 0.605180
3 0.274138 0.715324 0.330220 0.806101
13 0.267829 0.403050 0.359663 0.562818
13 0.382798 0.292907 0.471127 0.527717
13 0.546136 0.296539 0.612032 0.532559
13 0.596609 0.399419 0.733309 0.567659
13 0.207541 0.771000 0.346344 0.898088
13 0.188613 0.732268 0.329519 0.837570
13 0.620443 0.768579 0.787988 0.904139
13 0.649887 0.760106 0.814627 0.846042
12 0.233479 0.572500 0.776772 0.697168
12 0.252407 0.634230 0.774669 0.745583
12 0.290963 0.416364 0.721391 0.671750
