6 0.190718 0.580247 0.132460 0.137174
4 0.236638 0.454047 0.051218 0.085048
4 0.774425 0.510288 0.058282 0.057613
4 0.776191 0.565844 0.047686 0.061728
4 0.746167 0.598765 0.035323 0.053498
4 0.256065 0.586420 0.028258 0.061728
7 0.279890 0.722872 0.034161 0.070392
7 0.317188 0.738033 0.052984 0.072558
7 0.816352 0.655187 0.050195 0.073641
7 0.670995 0.396361 0.039738 0.049816
3 0.682498 0.440762 0.062744 0.093134
8 0.331828 0.693091 0.055773 0.108295
8 0.302199 0.674681 0.060653 0.103964
4 0.645306 0.623714 0.024008 0.033436
2 0.670556 0.515689 0.034771 0.079733
