3 0.305222 0.378745 0.319068 0.512674
3 0.554443 0.374424 0.567519 0.440668
2 0.545212 0.437787 0.570596 0.511232
7 0.550596 0.324020 0.570596 0.367223
1 0.716744 0.537154 0.740588 0.596198
4 0.714436 0.583237 0.732128 0.619239
4 0.328053 0.512521 0.341657 0.550721
4 0.348459 0.526316 0.363761 0.548600
4 0.319552 0.462649 0.329754 0.524193
9 0.652818 0.622877 0.673790 0.663201
6 0.624480 0.628184 0.654519 0.680179
6 0.570068 0.390493 0.581404 0.429754
6 0.541729 0.409593 0.550231 0.449916
6 0.401736 0.402164 0.427241 0.461587
6 0.319553 0.438242 0.333722 0.488116
6 0.291780 0.412776 0.304816 0.474320
6 0.363492 0.440446 0.378403 0.488523
