4 0.464090 0.583128 0.017638 0.038683
4 0.521770 0.586008 0.025265 0.060905
4 0.641659 0.676955 0.012394 0.032099
4 0.606145 0.658025 0.010964 0.038683
2 0.521770 0.658848 0.020498 0.069959
2 0.496982 0.640741 0.024311 0.028807
2 0.499127 0.586420 0.034322 0.050206
4 0.270551 0.519753 0.025265 0.053498
5 0.462970 0.696423 0.017418 0.052232
5 0.485430 0.697214 0.016501 0.055397
5 0.505369 0.698401 0.009626 0.057771
5 0.528745 0.694444 0.013292 0.054606
5 0.550517 0.692070 0.015584 0.054606
5 0.582144 0.690883 0.014668 0.047483
5 0.610563 0.690092 0.015584 0.031656
5 0.473742 0.541311 0.014209 0.042735
5 0.445094 0.540123 0.018334 0.051440
5 0.429739 0.695236 0.015126 0.048275
5 0.397424 0.699193 0.025668 0.046692
5 0.415071 0.525878 0.016043 0.057771
