6 0.706433 0.429813 0.076532 0.118884
6 0.294335 0.392661 0.078004 0.117741
6 0.742491 0.653864 0.075061 0.128029
6 0.247606 0.637289 0.089043 0.124600
2 0.318620 0.602423 0.032379 0.059442
2 0.364613 0.610425 0.044889 0.068587
4 0.635788 0.655578 0.030907 0.040009
2 0.402143 0.529264 0.036059 0.066301
2 0.671110 0.637860 0.054456 0.082305
2 0.621070 0.639003 0.083891 0.059442
7 0.633212 0.808756 0.034587 0.053727
7 0.661206 0.787609 0.025816 0.061728
7 0.707169 0.777321 0.022077 0.034294
7 0.719679 0.771605 0.025020 0.043439
3 0.367556 0.433813 0.058135 0.097165
3 0.633666 0.735597 0.071434 0.113169
3 0.688779 0.726778 0.061499 0.120517
3 0.407914 0.447340 0.026983 0.120408
