6 0.703825 0.348651 0.775329 0.465249
4 0.678858 0.582462 0.693526 0.610161
4 0.669233 0.588002 0.683901 0.611744
4 0.620189 0.509655 0.639439 0.548433
4 0.304377 0.588003 0.314919 0.608579
4 0.310794 0.596707 0.326837 0.615700
2 0.269542 0.471668 0.308044 0.533396
2 0.342880 0.493828 0.369464 0.560304
2 0.388716 0.508864 0.414384 0.568218
2 0.358005 0.588793 0.399717 0.663185
2 0.314002 0.561887 0.369005 0.632321
2 0.653191 0.514403 0.692610 0.546059
2 0.630272 0.500158 0.650898 0.545268
2 0.701318 0.493828 0.731570 0.531023
2 0.630272 0.566635 0.672900 0.618867
2 0.681609 0.552389 0.724695 0.592751
2 0.596353 0.586419 0.616521 0.634695
12 0.441886 0.531023 0.579852 0.572175
