7 0.652016 0.528292 0.020531 0.038066
7 0.426503 0.518004 0.027817 0.054527
7 0.594727 0.738683 0.037089 0.043210
7 0.381135 0.729424 0.032453 0.037037
4 0.328483 0.611626 0.031790 0.064815
4 0.395375 0.620885 0.022518 0.083333
4 0.601019 0.618313 0.020531 0.034979
8 0.357624 0.592078 0.049010 0.101852
8 0.450677 0.596708 0.037751 0.078189
5 0.397693 0.672325 0.023180 0.079218
5 0.369545 0.654835 0.017220 0.060700
5 0.431801 0.672840 0.017220 0.065844
5 0.450346 0.683642 0.022518 0.085391
5 0.546048 0.681070 0.013908 0.069959
5 0.585786 0.680041 0.020531 0.067901
5 0.604993 0.686214 0.015233 0.065844
5 0.676852 0.568416 0.031790 0.068930
9 0.648704 0.584362 0.020531 0.045267
