6 0.693183 0.435528 0.088307 0.116598
6 0.287414 0.391632 0.089190 0.105624
6 0.189835 0.545267 0.068879 0.113855
6 0.807098 0.570645 0.091839 0.117970
7 0.802683 0.663237 0.038855 0.067215
7 0.781931 0.694787 0.045036 0.067215
7 0.734687 0.720165 0.038855 0.065844
9 0.294200 0.641817 0.033115 0.047483
9 0.237140 0.611744 0.040247 0.055397
9 0.750422 0.629155 0.042795 0.050649
4 0.710430 0.588398 0.041266 0.076765
4 0.689287 0.532605 0.039738 0.050649
4 0.679607 0.633112 0.056041 0.049066
4 0.570837 0.608974 0.029039 0.046692
4 0.334957 0.544872 0.037191 0.072016
4 0.374185 0.563469 0.037191 0.036404
4 0.266689 0.574153 0.050437 0.070434
4 0.316616 0.604622 0.055531 0.072808
4 0.480917 0.588398 0.029549 0.045109
4 0.450859 0.586420 0.021397 0.047483
4 0.646747 0.569405 0.042285 0.059354
