4 0.341646 0.470766 0.169782 0.090726
0 0.595230 0.485887 0.026120 0.080645
0 0.618086 0.492944 0.032650 0.070565
0 0.654001 0.493952 0.043534 0.060484
0 0.698079 0.495968 0.020679 0.036290
0 0.733994 0.479839 0.027209 0.044355
0 0.699712 0.533266 0.034827 0.030242
0 0.653457 0.557460 0.031562 0.042339
0 0.287228 0.536290 0.034827 0.044355
0 0.333483 0.531250 0.027209 0.026210
0 0.511428 0.490927 0.008707 0.034274
0 0.499456 0.479839 0.013060 0.040323
0 0.462996 0.491935 0.020679 0.048387
3 0.381914 0.394153 0.019590 0.070565
3 0.456466 0.413306 0.022855 0.116935
3 0.599040 0.402218 0.016325 0.106855
3 0.656722 0.400202 0.038092 0.131048
2 0.710595 0.465726 0.017414 0.024194
5 0.400960 0.403226 0.020679 0.072581
5 0.649648 0.633065 0.043534 0.044355
5 0.696447 0.606855 0.026120 0.036290
5 0.508163 0.621976 0.008707 0.050403
5 0.525576 0.620968 0.006530 0.056452
0 0.408451 0.545075 0.014770 0.033122
