13 0.392045 0.359857 0.463474 0.568670
13 0.549512 0.362660 0.615259 0.578480
13 0.669643 0.883992 0.809253 0.951261
13 0.690747 0.839146 0.820617 0.899408
13 0.198052 0.833540 0.341720 0.947056
13 0.140422 0.806913 0.296266 0.888196
13 0.358766 0.579881 0.393670 0.634537
13 0.437499 0.584086 0.482142 0.638742
13 0.385552 0.581283 0.427760 0.658361
13 0.579545 0.592495 0.619318 0.654158
13 0.615259 0.589691 0.659902 0.659763
13 0.557630 0.839146 0.594968 0.903612
13 0.349838 0.784491 0.381494 0.830738
13 0.631494 0.791498 0.655033 0.837745
13 0.665585 0.780286 0.685877 0.823730
13 0.323863 0.781687 0.346591 0.816723
1 0.233766 0.665368 0.292208 0.750856
1 0.289773 0.700404 0.351461 0.776081
3 0.209415 0.721425 0.274350 0.818125
3 0.281656 0.759265 0.323864 0.850358
3 0.673701 0.763469 0.726461 0.853161
0 0.732143 0.727031 0.784091 0.832139
5 0.696429 0.631735 0.713473 0.665369
