5 0.377435 0.490891 0.024351 0.054656
5 0.445211 0.467767 0.073864 0.056057
5 0.407062 0.654858 0.013799 0.063064
5 0.441558 0.661165 0.014610 0.050452
5 0.461039 0.680084 0.014610 0.043444
5 0.480925 0.684989 0.015422 0.030831
5 0.522321 0.678682 0.018669 0.040641
5 0.552354 0.680785 0.015422 0.028029
5 0.506494 0.485986 0.016234 0.042043
5 0.535714 0.496496 0.014610 0.040641
5 0.376218 0.661165 0.026786 0.044846
8 0.565341 0.706010 0.028409 0.081283
3 0.559253 0.483183 0.016234 0.067269
8 0.561688 0.485986 0.032468 0.142946
