3 0.382305 0.474163 0.016234 0.046632
3 0.412744 0.467861 0.017045 0.051674
3 0.444399 0.471642 0.017045 0.064277
3 0.510958 0.462190 0.017045 0.083182
3 0.536932 0.459039 0.018669 0.086963
3 0.634334 0.442025 0.017045 0.080662
1 0.288555 0.501260 0.103084 0.085703
1 0.395698 0.530878 0.064123 0.081922
1 0.717127 0.501891 0.052760 0.076881
1 0.639205 0.520796 0.099838 0.092005
1 0.508117 0.528988 0.160714 0.090744
1 0.441964 0.621622 0.304383 0.094525
5 0.698458 0.642418 0.028409 0.032769
5 0.458604 0.651240 0.019481 0.032769
5 0.492289 0.456518 0.023539 0.049153
9 0.733360 0.632335 0.021916 0.027727
7 0.772321 0.707325 0.044643 0.044112
