13 0.273540 0.355652 0.421266 0.445344
13 0.419643 0.207101 0.482955 0.436936
13 0.525975 0.197291 0.595779 0.404703
13 0.628247 0.340237 0.723215 0.474774
13 0.650162 0.722827 0.774350 0.783089
13 0.609578 0.746652 0.745942 0.825132
13 0.211039 0.648551 0.325487 0.764871
13 0.232955 0.694800 0.362013 0.819527
1 0.501623 0.530831 0.538149 0.621924
3 0.511364 0.439738 0.537338 0.529430
3 0.657467 0.641545 0.706169 0.729835
2 0.487013 0.556057 0.502435 0.605107
2 0.609578 0.596699 0.634740 0.626129
2 0.645292 0.589692 0.686688 0.641544
4 0.619318 0.530832 0.642045 0.570072
4 0.604708 0.536438 0.625812 0.577078
4 0.536526 0.558860 0.551948 0.605107
