1 0.284497 0.555478 0.072240 0.095826
1 0.466315 0.569978 0.043019 0.061782
1 0.525162 0.572500 0.040584 0.059261
1 0.725244 0.596456 0.054383 0.099608
1 0.658685 0.635543 0.083604 0.092043
1 0.394886 0.658239 0.103084 0.076913
1 0.339286 0.556739 0.035714 0.078174
1 0.400162 0.568717 0.087662 0.074391
3 0.373377 0.512609 0.024351 0.073130
3 0.430195 0.508826 0.021104 0.085739
3 0.469562 0.514500 0.020292 0.059261
3 0.556006 0.469109 0.027597 0.139956
3 0.593344 0.489913 0.021104 0.103391
3 0.622565 0.480457 0.017857 0.124826
2 0.454140 0.638065 0.021916 0.036565
2 0.558036 0.567456 0.031656 0.059261
2 0.590909 0.561152 0.037338 0.051695
2 0.622159 0.558000 0.030032 0.037826
2 0.659091 0.554848 0.037338 0.041609
9 0.655844 0.504413 0.025974 0.044130
5 0.560471 0.672108 0.023539 0.046652
5 0.592532 0.658869 0.014610 0.045391
5 0.473620 0.687238 0.021916 0.039087
5 0.514610 0.680934 0.016234 0.039087
5 0.536932 0.676521 0.012175 0.035304
5 0.318182 0.503783 0.025974 0.045391
5 0.696834 0.475413 0.030032 0.059261
