3 0.291285 0.488614 0.317725 0.572817
1 0.271770 0.562144 0.303246 0.648720
1 0.321501 0.619071 0.351089 0.647533
1 0.676551 0.591794 0.711804 0.628559
1 0.630596 0.653463 0.667738 0.702087
2 0.386342 0.584677 0.420966 0.642789
2 0.585900 0.571631 0.629336 0.652277
1 0.451183 0.576376 0.466921 0.597723
1 0.509099 0.583492 0.520429 0.617884
1 0.541834 0.575190 0.556312 0.616699
1 0.573938 0.594166 0.585900 0.625000
4 0.635003 0.581120 0.657035 0.632116
4 0.668996 0.674810 0.680958 0.712762
4 0.312059 0.595352 0.330315 0.625001
6 0.613599 0.716319 0.648223 0.766129
9 0.662702 0.726993 0.682217 0.762572
