3 0.333604 0.482978 0.040584 0.094565
3 0.605925 0.503783 0.025162 0.088261
3 0.635552 0.499370 0.021104 0.059261
2 0.362013 0.621673 0.055195 0.049174
2 0.342127 0.554848 0.060877 0.056739
2 0.610390 0.568717 0.030844 0.051695
2 0.688718 0.630500 0.039773 0.054217
2 0.254464 0.589521 0.039773 0.037826
4 0.275162 0.528369 0.027597 0.044130
4 0.719562 0.537196 0.023539 0.044130
4 0.760146 0.523956 0.025162 0.045391
4 0.754870 0.606543 0.027597 0.036565
4 0.400162 0.558630 0.016234 0.036565
8 0.683442 0.513239 0.022727 0.074391
8 0.660308 0.505674 0.028409 0.097087
8 0.636364 0.505674 0.027597 0.087000
8 0.381494 0.489913 0.038961 0.075652
5 0.667208 0.684717 0.030844 0.034043
