8 0.366071 0.448304 0.403409 0.525218
8 0.400973 0.420566 0.435877 0.520174
8 0.699675 0.487392 0.725649 0.558000
8 0.724838 0.636174 0.776786 0.744608
4 0.156656 0.523956 0.213474 0.617260
4 0.207792 0.585738 0.273539 0.668956
4 0.602273 0.527740 0.622565 0.573130
4 0.619318 0.530260 0.650974 0.595826
8 0.289773 0.636173 0.342533 0.737043
5 0.596591 0.650043 0.617695 0.692913
5 0.630682 0.652565 0.652598 0.705521
5 0.505683 0.653826 0.522728 0.681565
5 0.560877 0.665173 0.577921 0.696695
5 0.569805 0.483609 0.595779 0.545391
5 0.534903 0.482347 0.555195 0.530261
5 0.469156 0.487391 0.484578 0.531521
5 0.500000 0.489914 0.516234 0.532783
5 0.756493 0.491174 0.775162 0.544130
5 0.208603 0.447043 0.237824 0.497478
9 0.218344 0.650042 0.241071 0.680304
