6 0.222403 0.364457 0.056818 0.092043
6 0.152192 0.597087 0.065747 0.108434
6 0.831981 0.589521 0.061688 0.100869
6 0.755276 0.389674 0.073864 0.089521
4 0.446429 0.605282 0.016234 0.041609
4 0.486607 0.607804 0.023539 0.051695
4 0.624188 0.566826 0.024351 0.050435
4 0.755682 0.523956 0.037338 0.058000
4 0.230925 0.594565 0.064123 0.060522
8 0.270292 0.696064 0.073052 0.127347
8 0.723620 0.685978 0.086851 0.117260
8 0.694399 0.515130 0.054383 0.126086
8 0.269481 0.501891 0.050325 0.094565
4 0.269075 0.547282 0.056006 0.054217
4 0.760146 0.591413 0.052760 0.054217
