6 0.750000 0.683199 0.053571 0.143100
2 0.278003 0.486634 0.036526 0.083344
2 0.318994 0.524374 0.030844 0.051893
2 0.371753 0.524374 0.040584 0.055038
2 0.395292 0.529092 0.022727 0.051893
2 0.581169 0.536954 0.040584 0.089634
2 0.612013 0.531450 0.024351 0.066046
2 0.678166 0.552680 0.030032 0.077054
2 0.642045 0.636810 0.047078 0.062901
2 0.611201 0.639955 0.017857 0.044031
2 0.414773 0.695779 0.017857 0.039313
3 0.612419 0.441030 0.023539 0.114794
3 0.590909 0.447320 0.025974 0.108504
5 0.697240 0.492137 0.027597 0.062901
5 0.654221 0.484275 0.034091 0.066046
