1 0.380276 0.517573 0.174513 0.096271
1 0.417614 0.613844 0.057630 0.087102
8 0.350649 0.661980 0.030844 0.103912
8 0.375000 0.667328 0.024351 0.105440
3 0.532873 0.422066 0.020292 0.122249
3 0.569399 0.398381 0.017045 0.139058
2 0.570211 0.497708 0.025162 0.059596
2 0.542208 0.503820 0.022727 0.056540
3 0.422078 0.422830 0.027597 0.099327
5 0.578328 0.653575 0.030032 0.038203
5 0.468750 0.655103 0.013799 0.047371
5 0.417208 0.714700 0.016234 0.035147
5 0.487419 0.650519 0.013799 0.050428
5 0.502841 0.647463 0.012175 0.044315
5 0.534903 0.651283 0.011364 0.051956
5 0.519075 0.653575 0.013799 0.047371
5 0.693588 0.645171 0.025162 0.033618
9 0.729302 0.631418 0.015422 0.036675
5 0.495130 0.467910 0.016234 0.045843
5 0.698052 0.454921 0.021104 0.041259
5 0.739448 0.456449 0.017857 0.032090
