2 0.290094 0.415826 0.422528 0.519154
2 0.500116 0.453629 0.530884 0.533014
2 0.553626 0.415826 0.641916 0.500251
2 0.604460 0.538054 0.702782 0.664062
2 0.304808 0.560736 0.455302 0.690524
0 0.314841 0.675403 0.339589 0.777469
0 0.377045 0.684224 0.413164 0.776210
0 0.429217 0.666583 0.461323 0.742188
0 0.601785 0.655242 0.629208 0.749748
0 0.670677 0.659023 0.697432 0.740927
3 0.299456 0.344002 0.330894 0.428427
3 0.330894 0.365423 0.344940 0.427167
3 0.350959 0.307459 0.362999 0.422126
3 0.371026 0.356603 0.389754 0.454889
3 0.554294 0.304940 0.571016 0.430948
3 0.502791 0.369204 0.517506 0.454889
1 0.583724 0.622480 0.605128 0.661542
1 0.639908 0.423387 0.661982 0.482611
4 0.582387 0.584678 0.603791 0.618700
