8 0.629058 0.634474 0.042208 0.103912
3 0.528409 0.394560 0.019481 0.113080
3 0.707386 0.403729 0.038149 0.085574
2 0.694399 0.479371 0.046266 0.071821
4 0.389610 0.475550 0.024351 0.070293
4 0.519075 0.481663 0.033279 0.055012
4 0.550731 0.474786 0.018669 0.050428
4 0.580763 0.474786 0.017045 0.047371
4 0.468750 0.480899 0.030032 0.056540
4 0.660308 0.553484 0.046266 0.042787
7 0.640016 0.696362 0.028409 0.059596
9 0.281250 0.587866 0.017045 0.041259
9 0.659497 0.600091 0.015422 0.041259
5 0.463880 0.384628 0.036526 0.044315
5 0.506899 0.412898 0.025162 0.082518
5 0.546672 0.418246 0.018669 0.059596
5 0.669237 0.423594 0.034903 0.064181
5 0.406250 0.632946 0.034903 0.058068
5 0.496753 0.608496 0.024351 0.055012
5 0.515422 0.606204 0.019481 0.059596
5 0.534091 0.590159 0.019481 0.064181
5 0.588068 0.605440 0.025162 0.064181
