8 0.328734 0.437348 0.355520 0.524450
8 0.349027 0.434291 0.377436 0.532091
8 0.311688 0.632946 0.358766 0.747554
8 0.343344 0.648226 0.389610 0.770475
7 0.316558 0.713935 0.363636 0.776589
3 0.374188 0.400673 0.395292 0.515281
3 0.397727 0.412898 0.420455 0.509169
3 0.532467 0.368582 0.548701 0.501528
3 0.577111 0.661980 0.591721 0.801038
3 0.381493 0.665036 0.402597 0.782700
7 0.375811 0.762835 0.404220 0.808679
7 0.712663 0.649755 0.755682 0.697126
4 0.611201 0.500000 0.647727 0.568765
4 0.404221 0.616136 0.424513 0.668092
4 0.431006 0.614608 0.453734 0.666564
4 0.593344 0.608496 0.612013 0.654340
4 0.649351 0.619193 0.663961 0.660451
4 0.690747 0.567237 0.721591 0.637529
4 0.294643 0.585574 0.330357 0.654339
2 0.366071 0.507641 0.395293 0.567237
2 0.391234 0.503056 0.421266 0.556540
2 0.380682 0.599328 0.404220 0.663509
1 0.565746 0.591686 0.599025 0.669620
5 0.576298 0.441932 0.610390 0.492360
5 0.630682 0.417482 0.671266 0.487776
5 0.622564 0.649755 0.676948 0.704767
5 0.459416 0.631418 0.478897 0.703238
5 0.477272 0.637529 0.495942 0.701711
5 0.495130 0.636001 0.513799 0.706294
5 0.516234 0.639058 0.534091 0.713936
