3 0.380682 0.675732 0.407468 0.797982
3 0.411527 0.652811 0.429384 0.779644
3 0.433442 0.651283 0.454546 0.768948
3 0.504870 0.642114 0.523540 0.744498
3 0.534091 0.636002 0.550325 0.772004
3 0.554383 0.645171 0.574675 0.756723
3 0.286527 0.429706 0.330357 0.527505
3 0.387987 0.389976 0.413149 0.506112
3 0.409903 0.356357 0.430195 0.513753
3 0.444806 0.367054 0.457792 0.498472
3 0.469156 0.368582 0.485390 0.493887
3 0.497564 0.362471 0.521915 0.489304
3 0.525162 0.374695 0.542207 0.486247
3 0.555195 0.376223 0.576299 0.483191
3 0.607955 0.409842 0.637176 0.501529
3 0.681006 0.431235 0.707792 0.509169
1 0.290584 0.500000 0.344156 0.603912
1 0.340097 0.496944 0.371753 0.582518
1 0.365260 0.475550 0.439124 0.562652
1 0.435876 0.469438 0.468344 0.548900
1 0.466721 0.463325 0.517857 0.547371
1 0.512176 0.469438 0.546267 0.559597
1 0.661526 0.503057 0.713474 0.597800
1 0.626623 0.490832 0.668831 0.582519
1 0.598214 0.477079 0.637988 0.567238
1 0.545454 0.472494 0.600650 0.550428
1 0.330357 0.613081 0.379870 0.713935
1 0.370942 0.588630 0.426948 0.700182
1 0.568993 0.587102 0.665585 0.684901
1 0.548701 0.571821 0.587662 0.655867
1 0.426948 0.565709 0.508929 0.669621
1 0.508117 0.561124 0.551136 0.645170
