6 0.301136 0.382335 0.060065 0.116136
6 0.693182 0.330380 0.068182 0.125305
6 0.754058 0.531326 0.094156 0.123777
6 0.246753 0.552720 0.089286 0.132946
7 0.349838 0.752902 0.045455 0.084046
7 0.690341 0.713935 0.031656 0.048900
3 0.566153 0.443460 0.025162 0.158924
3 0.643669 0.421302 0.040584 0.105440
3 0.353490 0.417482 0.041396 0.137530
3 0.489042 0.474022 0.020292 0.137530
3 0.514610 0.457213 0.019481 0.149755
3 0.538961 0.448808 0.017857 0.157395
3 0.678977 0.668092 0.059253 0.106968
3 0.719562 0.623013 0.049513 0.102383
4 0.317370 0.565709 0.056818 0.100855
4 0.387175 0.613080 0.030844 0.064181
4 0.327110 0.457977 0.040584 0.068765
2 0.648539 0.576406 0.056818 0.082518
2 0.692370 0.553484 0.042208 0.067237
2 0.644075 0.506876 0.060877 0.068765
2 0.487825 0.569529 0.034091 0.062653
2 0.368912 0.516045 0.054383 0.077934
2 0.457386 0.539731 0.017045 0.055012
