4 0.586942 0.621080 0.019620 0.032482
4 0.455844 0.554996 0.009513 0.025762
4 0.672219 0.493513 0.011167 0.033310
4 0.350001 0.521564 0.037689 0.036816
4 0.421657 0.623685 0.014424 0.035940
4 0.673615 0.639902 0.018612 0.014025
3 0.347442 0.458012 0.040946 0.083275
3 0.433522 0.484748 0.029779 0.159537
3 0.619873 0.465025 0.020008 0.114832
3 0.624294 0.712658 0.019542 0.092917
1 0.466558 0.552682 0.013028 0.020161
1 0.499129 0.555750 0.011167 0.028050
1 0.543564 0.549176 0.011632 0.027174
1 0.577299 0.553559 0.013959 0.032433
1 0.292071 0.527262 0.024195 0.025421
2 0.657795 0.538219 0.120047 0.080645
2 0.657795 0.624123 0.112602 0.078892
4 0.562642 0.531644 0.008841 0.028927