2 0.679383 0.444988 0.719156 0.524450
2 0.634741 0.451100 0.684253 0.553484
2 0.600649 0.492359 0.637987 0.570293
2 0.643668 0.538203 0.703734 0.606967
2 0.553571 0.590158 0.577110 0.643642
2 0.525162 0.658923 0.551948 0.700182
2 0.412337 0.643643 0.441559 0.691014
2 0.385551 0.603912 0.409903 0.686430
2 0.375812 0.506112 0.420455 0.574877
2 0.553572 0.503057 0.604708 0.567238
2 0.251623 0.477078 0.291396 0.556540
2 0.297078 0.495416 0.318182 0.564180
2 0.315747 0.530562 0.342533 0.577933
3 0.357142 0.658924 0.381493 0.744498
3 0.625811 0.634474 0.691558 0.747554
3 0.553571 0.336492 0.576298 0.493888
3 0.605519 0.426650 0.631493 0.490832
3 0.646916 0.363998 0.676948 0.467910
3 0.689123 0.351773 0.715909 0.460269
3 0.468344 0.379279 0.487824 0.538203
3 0.375812 0.385392 0.405844 0.518338
3 0.261363 0.403729 0.288149 0.489303
2 0.606331 0.574878 0.658279 0.640587
8 0.348214 0.646698 0.384740 0.781172
8 0.224838 0.547371 0.287338 0.658923
7 0.347403 0.753666 0.374999 0.797982
7 0.214286 0.628362 0.252435 0.692543
