3 0.402597 0.412897 0.426949 0.530562
3 0.465097 0.469438 0.484578 0.545844
3 0.497565 0.444989 0.517857 0.541260
3 0.556818 0.388448 0.574676 0.524450
3 0.598214 0.406785 0.625000 0.515281
3 0.434254 0.697126 0.451298 0.788814
3 0.460227 0.698654 0.482955 0.793397
3 0.482143 0.687957 0.502435 0.790340
3 0.500811 0.677261 0.520293 0.793397
3 0.519481 0.683373 0.539773 0.790341
3 0.549512 0.671149 0.568994 0.796454
3 0.581168 0.680317 0.600650 0.794925
7 0.435065 0.784228 0.467533 0.848410
7 0.464285 0.773532 0.496753 0.816318
7 0.521103 0.758250 0.545454 0.822431
7 0.504059 0.758250 0.524351 0.822431
7 0.544643 0.765892 0.576299 0.837712
1 0.690747 0.570294 0.748377 0.669620
1 0.614447 0.608495 0.695616 0.704766
1 0.390423 0.642114 0.428571 0.732274
1 0.426949 0.642114 0.455358 0.721576
1 0.455357 0.622249 0.616883 0.709351
1 0.282468 0.504584 0.334416 0.594744
1 0.629869 0.490831 0.669643 0.576405
1 0.331981 0.498472 0.407467 0.603912
1 0.406656 0.510696 0.438312 0.602384
1 0.440747 0.538203 0.465909 0.605440
1 0.457792 0.522922 0.528409 0.610024
1 0.529220 0.535147 0.558441 0.596271
1 0.549513 0.504584 0.586851 0.594744
1 0.581168 0.486247 0.635552 0.590159
8 0.284091 0.434291 0.336851 0.518337
