3 0.325081 0.347189 0.043019 0.097799
3 0.444805 0.308222 0.027597 0.136002
3 0.473620 0.373167 0.026786 0.088630
3 0.498377 0.368582 0.025974 0.131418
3 0.557630 0.373931 0.024351 0.087102
3 0.670049 0.377751 0.039773 0.091687
3 0.392045 0.636766 0.021104 0.090159
3 0.419643 0.636002 0.022727 0.094743
3 0.446834 0.651283 0.017045 0.113080
3 0.474838 0.640586 0.016234 0.094743
3 0.492695 0.646699 0.019481 0.088630
3 0.525568 0.650519 0.017045 0.090159
7 0.446429 0.739913 0.034091 0.067237
7 0.582386 0.696362 0.025162 0.077934
6 0.595779 0.318155 0.097403 0.161980
8 0.443182 0.321211 0.035714 0.183373
8 0.323458 0.353301 0.051136 0.140586
8 0.582386 0.670384 0.031656 0.163508
2 0.468750 0.431235 0.025162 0.055012
1 0.444399 0.555776 0.198864 0.105440
1 0.709416 0.515281 0.066558 0.106968
1 0.621753 0.561888 0.118506 0.102383
1 0.600244 0.440404 0.177760 0.103912
