6 0.267045 0.176569 0.064935 0.164686
6 0.738636 0.174872 0.064935 0.157895
6 0.786932 0.445670 0.073864 0.169780
6 0.217127 0.490662 0.083604 0.185060
3 0.315747 0.609508 0.073052 0.140917
3 0.337662 0.262308 0.047078 0.162989
3 0.696429 0.580645 0.060065 0.154500
7 0.694805 0.662989 0.035714 0.071308
4 0.664367 0.348896 0.033279 0.061121
4 0.368912 0.406621 0.031656 0.064516
4 0.635146 0.494907 0.018669 0.054330
2 0.323458 0.376910 0.038149 0.076401
2 0.346185 0.470289 0.065747 0.066214
2 0.672078 0.469440 0.051948 0.078099
2 0.677760 0.391341 0.058442 0.061121
