1 0.280033 0.498473 0.413961 0.571821
1 0.587662 0.503056 0.688311 0.584046
1 0.623377 0.610024 0.672078 0.687958
1 0.287338 0.588630 0.433442 0.668092
3 0.386364 0.668092 0.409903 0.765891
3 0.421266 0.668092 0.444805 0.772004
3 0.601461 0.668093 0.627435 0.768948
3 0.633116 0.686429 0.677759 0.778116
3 0.374188 0.385391 0.403410 0.504584
3 0.401786 0.417482 0.435877 0.519865
4 0.573864 0.606967 0.604708 0.669621
2 0.674513 0.625305 0.702111 0.680317
2 0.426948 0.602383 0.458604 0.665037
2 0.409092 0.504584 0.442370 0.568766
3 0.595779 0.423594 0.628247 0.519865
5 0.334416 0.648227 0.396104 0.709351
5 0.532467 0.429707 0.560065 0.516809
5 0.556818 0.454156 0.579545 0.530562
5 0.451298 0.443460 0.473214 0.516809
5 0.499188 0.440404 0.525974 0.522922
5 0.614447 0.475550 0.654220 0.533618
5 0.541397 0.654338 0.564123 0.744498
5 0.706170 0.623777 0.733767 0.706295
5 0.328733 0.444989 0.382304 0.515281
5 0.274350 0.435820 0.311688 0.498472
