3 0.603085 0.371639 0.643669 0.521394
3 0.569805 0.632945 0.594156 0.738385
2 0.308442 0.504584 0.342533 0.567238
2 0.664772 0.477079 0.703734 0.538203
2 0.577923 0.498472 0.606331 0.570292
2 0.599838 0.501528 0.629058 0.564181
1 0.447241 0.495416 0.538961 0.580990
1 0.636363 0.550428 0.695616 0.636002
1 0.564935 0.590159 0.646104 0.660451
5 0.333604 0.451101 0.363636 0.525977
5 0.438312 0.467909 0.475650 0.535146
5 0.623377 0.423594 0.667207 0.500000
5 0.492695 0.643643 0.514611 0.712407
5 0.513798 0.634474 0.533280 0.695598
5 0.468343 0.634474 0.492694 0.703238
