0 0.314935 0.668856 0.047078 0.105440
0 0.368912 0.695598 0.039773 0.125305
0 0.662744 0.674969 0.038149 0.139058
0 0.696023 0.645171 0.033279 0.113080
3 0.316153 0.362470 0.039773 0.152811
3 0.397727 0.391504 0.035714 0.152811
3 0.435877 0.406785 0.027597 0.143642
3 0.692370 0.373931 0.043831 0.132946
3 0.626623 0.385392 0.034091 0.146699
3 0.582386 0.393032 0.026786 0.183373
3 0.467532 0.701711 0.029221 0.140586
3 0.436282 0.691014 0.028409 0.137530
3 0.403003 0.694070 0.031656 0.122249
3 0.633523 0.685665 0.031656 0.148227
2 0.459416 0.500764 0.016234 0.065709
2 0.598620 0.580226 0.031656 0.065709
4 0.478490 0.510697 0.028409 0.058068
5 0.290179 0.424359 0.041396 0.065709
5 0.361201 0.434291 0.063312 0.073349
5 0.538555 0.614608 0.018669 0.061124
5 0.559253 0.618429 0.019481 0.068765
5 0.518263 0.615372 0.023539 0.059596
5 0.658279 0.443460 0.042208 0.067237
1 0.395292 0.600091 0.189935 0.114608
1 0.655844 0.580226 0.103896 0.102383
1 0.700487 0.476314 0.056818 0.087102
1 0.617289 0.498472 0.119318 0.100855
1 0.370130 0.490067 0.163961 0.108496
