3 0.267046 0.382335 0.323864 0.487775
3 0.358766 0.394560 0.390422 0.519865
3 0.399351 0.402201 0.426137 0.521394
3 0.426136 0.406786 0.454545 0.527506
3 0.454545 0.371639 0.480519 0.512225
3 0.491883 0.356358 0.519481 0.498472
3 0.519480 0.345661 0.551948 0.509169
3 0.558441 0.321211 0.585227 0.512225
3 0.594156 0.315099 0.632305 0.498472
3 0.640421 0.359413 0.685877 0.480134
2 0.278409 0.483191 0.325487 0.562653
2 0.357955 0.516809 0.387987 0.568765
2 0.400162 0.501528 0.431006 0.556540
2 0.426137 0.493888 0.459415 0.550428
2 0.452110 0.478607 0.487013 0.545844
2 0.490260 0.474022 0.519481 0.551956
2 0.515423 0.474022 0.548702 0.551956
2 0.595779 0.467909 0.637175 0.536674
2 0.629058 0.463325 0.687500 0.539731
2 0.549513 0.600855 0.576299 0.645171
5 0.407467 0.584047 0.431818 0.651284
5 0.446428 0.602383 0.465097 0.666565
5 0.469967 0.613081 0.491071 0.678790
5 0.489449 0.613081 0.512176 0.678790
5 0.510552 0.611552 0.534903 0.684902
