6 0.183441 0.539731 0.272727 0.657395
6 0.670454 0.253974 0.745942 0.397616
3 0.369318 0.606968 0.391234 0.684902
3 0.469968 0.370111 0.490260 0.486247
3 0.504059 0.362470 0.526786 0.483190
3 0.590098 0.617665 0.615260 0.704767
3 0.654220 0.600855 0.672890 0.669620
3 0.706981 0.548899 0.732955 0.599327
7 0.591720 0.353301 0.619318 0.419011
3 0.316558 0.350245 0.342532 0.464853
2 0.280033 0.467910 0.314123 0.529034
2 0.310064 0.461797 0.344967 0.548899
1 0.436688 0.454157 0.558442 0.562653
1 0.546266 0.544316 0.578734 0.645170
1 0.687500 0.513754 0.737012 0.584047
1 0.586038 0.545843 0.703734 0.631417
8 0.360390 0.603911 0.400162 0.727688
8 0.594156 0.377751 0.622564 0.489303
5 0.637176 0.391504 0.671267 0.481662
5 0.419643 0.405257 0.472403 0.495416
5 0.521104 0.405257 0.564935 0.496943
5 0.485389 0.422066 0.507305 0.515281
5 0.336851 0.400672 0.368507 0.501528
5 0.369318 0.405257 0.393670 0.498473
8 0.645293 0.597799 0.680195 0.686429
8 0.700487 0.542787 0.754870 0.619193
