3 0.262987 0.622249 0.320617 0.732273
3 0.329546 0.377750 0.373377 0.496943
3 0.635552 0.637530 0.692370 0.753666
2 0.281656 0.481662 0.331980 0.559596
2 0.387987 0.501528 0.424513 0.579462
2 0.301137 0.562653 0.349838 0.651283
2 0.685065 0.501528 0.731331 0.580990
2 0.587662 0.587102 0.625811 0.652811
2 0.375811 0.587102 0.408279 0.649756
2 0.401786 0.591687 0.426948 0.651283
2 0.603897 0.512224 0.626623 0.574878
2 0.637176 0.509169 0.681006 0.573350
1 0.327922 0.484719 0.379870 0.564181
1 0.621753 0.585574 0.676137 0.661980
