3 0.441558 0.399144 0.462662 0.551955
3 0.461039 0.429707 0.482143 0.559596
3 0.509741 0.420538 0.538149 0.529034
7 0.591721 0.724632 0.617695 0.776588
7 0.460227 0.735329 0.489449 0.787285
7 0.491884 0.709352 0.515423 0.776589
3 0.405033 0.432763 0.438311 0.532091
2 0.374188 0.522921 0.422078 0.587102
2 0.456981 0.593214 0.706981 0.686430
5 0.306006 0.451101 0.335228 0.536675
8 0.508928 0.412898 0.541396 0.539731
8 0.484578 0.400672 0.510552 0.553484
8 0.462662 0.415955 0.483766 0.571821
8 0.445617 0.391504 0.465097 0.565708
8 0.407468 0.420538 0.443994 0.538203
