8 0.323458 0.465618 0.031656 0.102383
8 0.405438 0.480135 0.030032 0.106968
8 0.571429 0.461033 0.032468 0.169620
8 0.642451 0.475550 0.044643 0.125305
8 0.308036 0.709351 0.046266 0.106968
8 0.391640 0.721576 0.025162 0.100855
8 0.409497 0.778116 0.026786 0.143642
8 0.575081 0.741441 0.026786 0.128361
1 0.362419 0.548900 0.133929 0.097799
1 0.604302 0.568001 0.101461 0.087102
1 0.354708 0.642878 0.118506 0.087102
2 0.421672 0.673441 0.026786 0.084046
8 0.576299 0.738385 0.037338 0.168092
0 0.663555 0.759015 0.025162 0.093215
0 0.635146 0.759015 0.026786 0.108496
0 0.605519 0.762071 0.030844 0.117665
1 0.632305 0.669620 0.095779 0.088630
