2 0.446198 0.492511 0.533340 0.600518
3 0.397275 0.391705 0.425557 0.514113
4 0.636604 0.487903 0.660148 0.553427
4 0.353540 0.606855 0.370663 0.632057
4 0.328391 0.605847 0.341233 0.638105
4 0.371733 0.518145 0.380831 0.550403
4 0.727569 0.480847 0.744157 0.507057
4 0.712051 0.482864 0.721683 0.534275
1 0.361032 0.522178 0.377084 0.556452
1 0.381901 0.517136 0.395278 0.560484
1 0.393137 0.516129 0.418821 0.578629
1 0.421496 0.514112 0.445575 0.590726
1 0.725429 0.485887 0.751648 0.542339
1 0.531726 0.513105 0.555805 0.592742
1 0.382435 0.608871 0.411330 0.642137
1 0.640884 0.588710 0.669244 0.625000
1 0.303777 0.576613 0.323575 0.609879
1 0.357821 0.581653 0.377084 0.617943
