3 0.268668 0.515281 0.339286 0.619193
3 0.404221 0.585574 0.423702 0.691014
3 0.465909 0.588631 0.485389 0.687957
3 0.522728 0.584047 0.545454 0.712407
3 0.609579 0.576406 0.652597 0.687958
3 0.391234 0.318155 0.417208 0.437348
3 0.454545 0.316627 0.477273 0.443460
3 0.514610 0.327323 0.540584 0.457213
3 0.577110 0.295233 0.604708 0.460269
3 0.595780 0.338021 0.625000 0.457213
1 0.377435 0.432763 0.630682 0.545843
2 0.400974 0.529034 0.426948 0.596271
2 0.564935 0.541259 0.586039 0.600855
2 0.591721 0.542787 0.612013 0.597799
