3 0.366072 0.637530 0.391234 0.770476
3 0.427760 0.652811 0.447240 0.804095
3 0.461850 0.645170 0.483766 0.741441
3 0.506494 0.642114 0.530033 0.747554
3 0.717532 0.551956 0.775162 0.658924
3 0.646104 0.374694 0.679384 0.492360
3 0.610390 0.373166 0.638798 0.495416
3 0.590909 0.379279 0.616883 0.500000
3 0.571429 0.363998 0.596591 0.498472
3 0.535714 0.376223 0.559253 0.509169
3 0.425324 0.353301 0.448052 0.512225
3 0.367695 0.353301 0.394481 0.486247
2 0.323051 0.469438 0.347403 0.524450
2 0.392857 0.585574 0.429383 0.651284
2 0.440747 0.503056 0.460228 0.555012
2 0.462662 0.512224 0.480519 0.550427
2 0.487824 0.504584 0.506494 0.545843
2 0.521104 0.513753 0.536526 0.565709
1 0.538149 0.481663 0.636363 0.573350
1 0.348214 0.472495 0.422078 0.570294
2 0.724838 0.438875 0.756494 0.486247
5 0.621754 0.623777 0.672079 0.680317
5 0.337663 0.614609 0.375812 0.677262
