6 0.199676 0.507640 0.274350 0.626834
3 0.553571 0.608495 0.576298 0.700183
3 0.268669 0.551956 0.300325 0.637530
3 0.307631 0.577933 0.335228 0.655867
8 0.307630 0.328852 0.331981 0.437348
8 0.330357 0.330380 0.353085 0.438876
8 0.351460 0.328851 0.380682 0.460269
5 0.252435 0.316626 0.287338 0.417482
1 0.534903 0.403729 0.576299 0.512225
1 0.622565 0.402201 0.678571 0.504584
1 0.568993 0.406785 0.632305 0.501528
3 0.627435 0.339549 0.673701 0.428179
1 0.380682 0.541258 0.420454 0.634474
1 0.267045 0.483190 0.322240 0.576406
1 0.314935 0.521393 0.383117 0.614609
4 0.542207 0.542787 0.581168 0.600855
2 0.687500 0.472494 0.709416 0.522922
5 0.651786 0.556540 0.737012 0.631418
5 0.372564 0.394560 0.407467 0.461797
2 0.500812 0.429707 0.527598 0.486247
5 0.704545 0.330380 0.737824 0.437348
