2 0.634373 0.614919 0.135976 0.079459
2 0.307657 0.650922 0.023442 0.067204
2 0.587434 0.704205 0.012231 0.073925
2 0.694197 0.675883 0.038221 0.067204
2 0.675851 0.412826 0.037202 0.103687
2 0.629986 0.429147 0.020894 0.086406
2 0.359892 0.433468 0.021913 0.060484
1 0.670500 0.496832 0.027519 0.058564
1 0.634318 0.500192 0.029557 0.049923
1 0.377983 0.498752 0.015288 0.041283
1 0.356580 0.495872 0.024461 0.054724
1 0.324474 0.489631 0.028538 0.049923
1 0.283960 0.451709 0.029048 0.047043
1 0.359128 0.580357 0.033634 0.039363
1 0.322945 0.583237 0.034654 0.064324
1 0.288802 0.548195 0.040769 0.074885