3 0.290585 0.394560 0.357143 0.495416
3 0.387175 0.379279 0.412337 0.518337
3 0.582792 0.383864 0.608766 0.509169
3 0.629870 0.620720 0.684254 0.752138
3 0.562500 0.646699 0.584416 0.784229
3 0.594968 0.626833 0.625000 0.773531
0 0.352272 0.646699 0.381494 0.755195
0 0.379059 0.657396 0.409091 0.776588
0 0.552759 0.360942 0.580357 0.489304
1 0.306818 0.486246 0.446428 0.577933
1 0.545454 0.474022 0.684254 0.564181
1 0.349838 0.577934 0.425324 0.660452
1 0.551137 0.576405 0.616884 0.655867
2 0.605520 0.562652 0.662338 0.625306
