1 0.318182 0.541258 0.372564 0.608495
1 0.598214 0.629889 0.635552 0.700182
7 0.322240 0.747554 0.353896 0.796454
7 0.354708 0.752138 0.381494 0.805622
3 0.367695 0.443460 0.392857 0.558068
3 0.361202 0.686430 0.385553 0.758250
3 0.335227 0.678789 0.357143 0.756723
3 0.623377 0.713935 0.646915 0.807150
3 0.637987 0.669620 0.691558 0.782700
2 0.278409 0.538203 0.318993 0.590159
2 0.305196 0.608496 0.348215 0.665036
2 0.384740 0.619193 0.408279 0.671149
2 0.365260 0.551956 0.396104 0.600856
2 0.534902 0.550428 0.556818 0.603912
2 0.582792 0.556540 0.618506 0.613080
2 0.633929 0.533618 0.668020 0.603911
2 0.632305 0.606968 0.672889 0.668092
2 0.683441 0.512225 0.715909 0.570293
2 0.715909 0.512225 0.731331 0.553484
8 0.331980 0.652811 0.358766 0.768947
8 0.357955 0.652810 0.385551 0.772004
2 0.666396 0.588631 0.712662 0.658923
4 0.258928 0.515281 0.281656 0.561125
