3 0.403003 0.731509 0.026786 0.108496
3 0.434659 0.716228 0.018669 0.123777
3 0.460227 0.704767 0.016234 0.097799
3 0.478084 0.697890 0.017857 0.093215
3 0.496753 0.697126 0.016234 0.088630
3 0.515828 0.704003 0.023539 0.087102
3 0.541802 0.716992 0.018669 0.113080
3 0.409903 0.469438 0.030844 0.110024
3 0.437906 0.470966 0.026786 0.113080
3 0.467127 0.467146 0.026786 0.126833
3 0.506088 0.455685 0.023539 0.113080
3 0.535714 0.459505 0.024351 0.114608
1 0.492289 0.537439 0.195617 0.108496
1 0.478896 0.644406 0.193182 0.099327
