3 0.587662 0.288403 0.632305 0.479357
3 0.203734 0.520644 0.272728 0.615260
3 0.228084 0.584295 0.306818 0.718477
3 0.635552 0.615259 0.659091 0.761485
4 0.667207 0.573973 0.691558 0.654827
4 0.714286 0.450111 0.767857 0.525805
4 0.715910 0.536126 0.758929 0.603217
5 0.301949 0.592896 0.344968 0.663428
4 0.549513 0.422587 0.588475 0.503441
8 0.591721 0.603218 0.622565 0.697834
2 0.477273 0.412264 0.503247 0.487957
2 0.439123 0.456993 0.456981 0.503441
2 0.573053 0.470756 0.616884 0.536127
8 0.679383 0.334852 0.719967 0.506881
2 0.261364 0.481077 0.297890 0.579134
2 0.292208 0.534406 0.334416 0.606658
2 0.631494 0.563651 0.666396 0.622141
