1 0.491477 0.435819 0.070617 0.100855
1 0.582386 0.463325 0.064123 0.094743
1 0.567776 0.560360 0.077110 0.105440
3 0.581981 0.661980 0.027597 0.113080
8 0.671266 0.420538 0.040584 0.106968
5 0.357955 0.428179 0.032468 0.067237
5 0.386769 0.425887 0.020292 0.077934
5 0.437500 0.403729 0.025974 0.073349
5 0.577922 0.403729 0.034091 0.082518
5 0.403003 0.603912 0.023539 0.070293
5 0.429789 0.602383 0.020292 0.070293
5 0.452516 0.589394 0.021916 0.065709
2 0.622971 0.490067 0.034903 0.071821
2 0.414773 0.454921 0.016234 0.056540
