7 0.660714 0.665036 0.027597 0.051956
7 0.617695 0.362470 0.040584 0.064181
9 0.280438 0.585574 0.033279 0.042787
9 0.660308 0.602383 0.030032 0.042787
3 0.659497 0.616136 0.059253 0.119193
8 0.659903 0.610024 0.077922 0.158924
2 0.724432 0.511461 0.054383 0.102383
1 0.657468 0.481663 0.136364 0.088630
3 0.632305 0.405257 0.021104 0.100855
3 0.374594 0.409077 0.026786 0.105440
3 0.234578 0.550428 0.040584 0.100855
3 0.280844 0.605440 0.053571 0.110024
2 0.277192 0.438112 0.047890 0.077934
2 0.360390 0.543551 0.035714 0.050428
2 0.308036 0.533618 0.041396 0.076406
2 0.257711 0.516045 0.036526 0.068765
2 0.468750 0.508405 0.028409 0.068765
2 0.535308 0.525978 0.026786 0.064181
2 0.567776 0.521394 0.021916 0.058068
1 0.366071 0.493124 0.043831 0.068765
