8 0.396105 0.397616 0.423702 0.487775
8 0.607955 0.367054 0.637987 0.480134
1 0.301136 0.457213 0.353896 0.530563
1 0.263798 0.516809 0.334416 0.608496
1 0.322240 0.579461 0.387987 0.669621
1 0.385552 0.600855 0.427760 0.666565
1 0.545455 0.591687 0.581169 0.687957
1 0.581169 0.590159 0.668831 0.686430
1 0.665584 0.532090 0.717532 0.622250
1 0.669643 0.441931 0.725649 0.535146
1 0.615260 0.460269 0.672890 0.564181
1 0.556006 0.477079 0.616884 0.577933
1 0.469967 0.496944 0.554383 0.597799
1 0.396104 0.489304 0.470780 0.584047
1 0.344968 0.469438 0.396916 0.558068
5 0.426137 0.425123 0.477273 0.486247
5 0.637175 0.409842 0.685065 0.454157
5 0.577923 0.432763 0.620941 0.486247
5 0.646103 0.616136 0.691558 0.681845
5 0.404220 0.646698 0.442369 0.713935
