2 0.504563 0.511425 0.113439 0.092742
4 0.437855 0.503360 0.017123 0.073925
4 0.715032 0.476478 0.042094 0.063172
4 0.553078 0.595430 0.020690 0.051075
4 0.346176 0.578629 0.036386 0.071237
4 0.576265 0.600134 0.014269 0.030914
1 0.378994 0.501344 0.024971 0.045699
1 0.584470 0.501344 0.023544 0.045699
1 0.621926 0.497984 0.031392 0.065860
1 0.669728 0.495296 0.022831 0.057796
7 0.311573 0.684812 0.028538 0.052419
8 0.680429 0.626344 0.035673 0.123656
8 0.649037 0.634409 0.057076 0.072581
6 0.338684 0.421371 0.037100 0.038978