7 0.640016 0.754086 0.025162 0.044255
3 0.519886 0.462612 0.018669 0.123609
3 0.540584 0.474057 0.016234 0.106823
3 0.586445 0.478635 0.025162 0.091562
3 0.610390 0.478635 0.019481 0.088510
3 0.643669 0.477109 0.030844 0.088510
3 0.402192 0.717461 0.021916 0.102245
1 0.621753 0.635818 0.030844 0.070198
3 0.633523 0.710594 0.023539 0.088510
2 0.319399 0.609875 0.051136 0.061042
2 0.370536 0.623609 0.054383 0.045781
2 0.406656 0.643448 0.032468 0.057990
2 0.378247 0.549596 0.051948 0.065620
2 0.322240 0.539677 0.038961 0.054937
2 0.682224 0.538914 0.041396 0.065620
2 0.641640 0.549596 0.047890 0.056463
1 0.511364 0.554174 0.211039 0.090036
