0 0.322241 0.334099 0.366071 0.452817
0 0.383929 0.318878 0.419643 0.446730
0 0.586039 0.328010 0.623377 0.466515
0 0.688312 0.332577 0.724838 0.434553
0 0.635552 0.658292 0.671266 0.783098
0 0.320617 0.641549 0.352273 0.760267
0 0.267046 0.623285 0.297890 0.742003
3 0.209416 0.563925 0.260552 0.658291
3 0.689935 0.620241 0.741883 0.726783
3 0.283279 0.353884 0.320617 0.474126
3 0.624189 0.373672 0.659091 0.484780
3 0.654221 0.376716 0.690747 0.486302
2 0.579545 0.478691 0.607143 0.535006
5 0.340098 0.605020 0.370130 0.684166
5 0.662338 0.618718 0.701299 0.696342
