0 0.358360 0.777739 0.031656 0.109875
0 0.420049 0.764768 0.034903 0.102245
0 0.464286 0.734247 0.027597 0.126661
0 0.512581 0.735010 0.034903 0.122083
0 0.560065 0.733484 0.034091 0.100719
0 0.603896 0.762479 0.040584 0.106823
3 0.296266 0.749508 0.042208 0.108349
3 0.456981 0.440484 0.014610 0.073250
3 0.480925 0.431328 0.021916 0.091562
3 0.510958 0.406149 0.020292 0.135818
3 0.584821 0.452693 0.033279 0.088510
1 0.319805 0.552648 0.047078 0.117505
1 0.390828 0.512971 0.099838 0.135818
1 0.485795 0.499237 0.083604 0.093088
1 0.661526 0.541966 0.051948 0.096141
1 0.582792 0.517549 0.108766 0.102245
1 0.497971 0.646500 0.318994 0.143448
1 0.313312 0.660997 0.056818 0.096141
