0 0.325487 0.318880 0.034091 0.113491
0 0.381088 0.306443 0.046266 0.138366
0 0.437906 0.328208 0.034903 0.132147
0 0.484984 0.345310 0.044643 0.163241
0 0.537744 0.376403 0.039773 0.153913
0 0.605925 0.370185 0.038149 0.150804
0 0.656656 0.351528 0.027597 0.153913
0 0.693994 0.311884 0.045455 0.139921
1 0.506088 0.479012 0.505682 0.206772
7 0.327110 0.698998 0.042208 0.080843
3 0.590097 0.683452 0.024351 0.105718
7 0.604708 0.759631 0.051948 0.071515
8 0.585227 0.688893 0.038961 0.166350
8 0.342938 0.657022 0.047890 0.143030
