3 0.353084 0.345346 0.383928 0.487750
3 0.304383 0.604123 0.366071 0.709778
0 0.637176 0.648529 0.675324 0.767965
1 0.620130 0.556656 0.685877 0.674560
1 0.319805 0.542875 0.381493 0.620968
2 0.262987 0.458657 0.297077 0.518375
2 0.375811 0.481625 0.404220 0.544405
2 0.623377 0.463250 0.656656 0.535218
2 0.682630 0.518375 0.719968 0.588811
6 0.189935 0.548999 0.258117 0.700591
5 0.230520 0.371377 0.284903 0.446407
5 0.616883 0.374440 0.658279 0.472438
5 0.581168 0.613310 0.614448 0.691403
5 0.466721 0.587280 0.497565 0.663842
5 0.495130 0.584218 0.527598 0.673029
5 0.528409 0.590343 0.550325 0.660779
5 0.409091 0.394346 0.441559 0.484688
5 0.443993 0.394346 0.472403 0.490812
5 0.661526 0.395877 0.697240 0.483157
5 0.284902 0.596467 0.327110 0.662311
5 0.293832 0.375971 0.327110 0.461720
