1 0.642045 0.445233 0.697241 0.528905
3 0.647727 0.331134 0.688311 0.463488
2 0.232955 0.431541 0.288961 0.496957
3 0.355519 0.337219 0.379870 0.452839
2 0.571428 0.547161 0.603896 0.595843
2 0.599838 0.541075 0.634740 0.608013
2 0.638799 0.536511 0.700487 0.609534
2 0.722403 0.507606 0.752435 0.568460
2 0.694806 0.446754 0.737824 0.516734
2 0.581981 0.471096 0.612013 0.530427
2 0.610389 0.475658 0.642857 0.531948
2 0.342533 0.449797 0.377436 0.515213
2 0.267857 0.501521 0.321429 0.563895
2 0.321429 0.524340 0.370130 0.580630
2 0.368507 0.531948 0.409091 0.588237
8 0.278409 0.325049 0.327923 0.477181
