2 0.277192 0.485541 0.043019 0.077624
2 0.317370 0.493151 0.048701 0.071535
2 0.359172 0.484019 0.033279 0.065447
2 0.376218 0.489346 0.015422 0.042617
2 0.446429 0.480975 0.017857 0.080668
2 0.458198 0.479453 0.018669 0.077624
2 0.501218 0.498478 0.020292 0.051749
2 0.599432 0.474125 0.031656 0.070013
2 0.627841 0.474125 0.030032 0.070013
2 0.669237 0.482497 0.062500 0.068491
2 0.717127 0.483258 0.046266 0.045661
2 0.761769 0.536529 0.049513 0.057837
2 0.689935 0.574580 0.055195 0.073058
2 0.374594 0.587517 0.023539 0.068491
2 0.318994 0.565447 0.066558 0.048705
4 0.293019 0.595888 0.025974 0.042617
5 0.658685 0.629373 0.059253 0.066969
5 0.349432 0.648398 0.062500 0.071535
3 0.601867 0.377476 0.031656 0.123285
3 0.632711 0.397263 0.036526 0.111108
