1 4 0.398644 0.445381 0.432284 0.524193
2 4 0.456030 0.430719 0.648964 0.535191
3 0 0.661826 0.419721 0.694476 0.493035
4 0 0.698434 0.403226 0.721190 0.463710
5 0 0.642037 0.553520 0.677656 0.590176
6 0 0.595536 0.560851 0.612356 0.592009
7 0 0.570801 0.559018 0.586631 0.593842
8 3 0.459987 0.348240 0.474828 0.456378
9 3 0.483733 0.340910 0.499563 0.447215
10 2 0.272748 0.442204 0.290162 0.475806
11 2 0.684144 0.557795 0.698654 0.580644
12 2 0.290162 0.571236 0.309028 0.598118
13 5 0.583290 0.362903 0.606508 0.400537
14 5 0.636983 0.622312 0.684870 0.658602
15 5 0.591997 0.631720 0.603606 0.672044
16 5 0.566603 0.634409 0.578211 0.669355
17 5 0.314106 0.641130 0.344580 0.688172
18 5 0.641335 0.380376 0.663103 0.413978
19 3 0.511459 0.334677 0.531049 0.427419
20 3 0.545562 0.341397 0.560072 0.446236
21 3 0.568779 0.330645 0.588369 0.435484
22 3 0.615215 0.337365 0.634805 0.427419
23 3 0.666731 0.313171 0.691400 0.419355
24 2 0.283633 0.407257 0.305399 0.451613
25 5 0.496223 0.634409 0.507831 0.672043
