4 0.331070 0.413122 0.012017 0.051091
4 0.350297 0.388200 0.020429 0.033645
4 0.295319 0.519042 0.015021 0.028661
4 0.344589 0.532126 0.010215 0.039876
4 0.322057 0.522158 0.020429 0.024922
4 0.310942 0.419976 0.030644 0.064798
1 0.344589 0.421222 0.018626 0.049845
1 0.381241 0.412499 0.033047 0.069783
1 0.629694 0.443029 0.025236 0.095951
1 0.672355 0.529011 0.049270 0.051091
1 0.678664 0.413745 0.017425 0.049845
1 0.700895 0.411253 0.024635 0.062306
4 0.663642 0.561410 0.023433 0.026169
5 0.794543 0.529641 0.067124 0.145262
5 0.194076 0.531155 0.077338 0.169472
5 0.219612 0.242144 0.064205 0.172499
5 0.772654 0.253492 0.071502 0.128617
1 0.361156 0.527372 0.023347 0.028750