2 0.310312 0.509962 0.464635 0.603653
2 0.304596 0.606025 0.471621 0.716319
2 0.540210 0.613140 0.644362 0.709203
3 0.451933 0.699716 0.469081 0.775617
3 0.540209 0.689041 0.557991 0.763757
3 0.566248 0.699716 0.583395 0.773245
3 0.591650 0.696158 0.608797 0.767315
3 0.558627 0.412714 0.574503 0.556215
3 0.584029 0.424573 0.605622 0.539611
3 0.442408 0.439991 0.461460 0.526566
3 0.410019 0.413900 0.432247 0.515892
3 0.306501 0.422202 0.349687 0.514706
1 0.578314 0.528937 0.599907 0.589421
1 0.552911 0.538425 0.576409 0.591793
1 0.544019 0.546727 0.554181 0.590607
1 0.463365 0.568075 0.476067 0.596537
1 0.513537 0.558587 0.524968 0.601281
6 0.345241 0.485057 0.365563 0.518263
