2 0.385375 0.563886 0.127531 0.079385
2 0.461624 0.562626 0.023617 0.066784
2 0.490976 0.563256 0.036437 0.080645
2 0.523702 0.568296 0.031714 0.093246
2 0.592866 0.561996 0.101215 0.085685
2 0.414390 0.663432 0.091094 0.086946
2 0.605686 0.658392 0.060729 0.074345
2 0.562839 0.665953 0.031714 0.081905
2 0.536523 0.664062 0.022267 0.085685
2 0.511894 0.663432 0.020243 0.079385
2 0.492326 0.665323 0.021593 0.073085
2 0.469046 0.667843 0.020918 0.095766
1 0.305078 0.562626 0.035763 0.049143
1 0.664391 0.578377 0.020243 0.035282
1 0.687671 0.616179 0.035763 0.042843
1 0.292932 0.605469 0.037112 0.056704
1 0.324646 0.648942 0.049258 0.042843
4 0.675373 0.545867 0.017814 0.061492
4 0.649462 0.567036 0.008097 0.049395
4 0.301012 0.630544 0.029150 0.035282
4 0.291566 0.561996 0.017814 0.041331
6 0.328003 0.700605 0.044265 0.046371
6 0.673754 0.482359 0.013495 0.045363
7 0.638936 0.770161 0.022672 0.048387
3 0.565251 0.759577 0.027531 0.130040
3 0.535292 0.754032 0.014035 0.094758
3 0.515899 0.740323 0.012092 0.074194
3 0.496034 0.735081 0.015547 0.076613
3 0.475953 0.752016 0.017706 0.086290
3 0.445507 0.755242 0.014683 0.107258
3 0.376627 0.735484 0.024616 0.101613
3 0.299933 0.696573 0.048583 0.064516
3 0.258097 0.663306 0.048043 0.080645
3 0.348246 0.483367 0.016734 0.089718
3 0.378206 0.481855 0.022672 0.090726
3 0.411134 0.468750 0.019433 0.108871
3 0.434886 0.456653 0.018354 0.143145
3 0.466735 0.478327 0.026991 0.089718
3 0.491837 0.478327 0.015655 0.095766
3 0.522606 0.483367 0.015655 0.093750
3 0.558774 0.480343 0.024292 0.097782
3 0.582525 0.460685 0.023212 0.131048
3 0.606817 0.479335 0.025371 0.089718
3 0.630029 0.476815 0.021053 0.106855