5 0.209598 0.593498 0.264254 0.783770
5 0.735917 0.617439 0.811491 0.752269
4 0.341861 0.480205 0.361981 0.518695
4 0.705499 0.653408 0.725619 0.668072
4 0.738262 0.427419 0.754456 0.473791
4 0.393320 0.636089 0.418691 0.678427
4 0.365250 0.639113 0.381984 0.674395
4 0.318286 0.633064 0.332321 0.662298
4 0.309650 0.634073 0.319366 0.668347
4 0.282659 0.648185 0.304252 0.674395
4 0.306951 0.490927 0.322066 0.519153
1 0.280500 0.507057 0.313428 0.542339
1 0.327463 0.488911 0.352295 0.540323
1 0.450541 0.487903 0.467275 0.551411
1 0.533133 0.486895 0.555805 0.528226
1 0.636237 0.502016 0.677263 0.545364
1 0.390082 0.610888 0.422471 0.656251
1 0.368489 0.610887 0.390621 0.645161
1 0.322065 0.607863 0.363631 0.661291
4 0.489407 0.508065 0.510460 0.542339
