1 0.280540 0.483065 0.314656 0.537097
1 0.322430 0.481451 0.352660 0.518548
1 0.318543 0.529032 0.353955 0.578226
1 0.363456 0.549194 0.404482 0.583871
1 0.381161 0.474193 0.399731 0.508065
1 0.395844 0.481451 0.417437 0.525806
1 0.476601 0.504839 0.482647 0.534678
1 0.481351 0.501613 0.494739 0.540323
1 0.507694 0.509678 0.524104 0.554839
1 0.656251 0.483871 0.678707 0.515323
1 0.632067 0.539515 0.660569 0.594355
8 0.685617 0.381451 0.725347 0.483064
8 0.286154 0.397581 0.323725 0.470967
8 0.354818 0.416129 0.369933 0.491129
8 0.369934 0.421774 0.386344 0.484678
4 0.675252 0.458065 0.687344 0.492741
4 0.616089 0.566129 0.626885 0.603225
4 0.400163 0.474193 0.415278 0.500807
4 0.385912 0.488710 0.398436 0.512097
6 0.622135 0.620968 0.653228 0.650806
