2 0.513796 0.521954 0.684737 0.622760
1 0.294872 0.638441 0.330860 0.697805
1 0.290674 0.519713 0.317665 0.551075
4 0.317609 0.499650 0.330753 0.527700
3 0.337793 0.698632 0.357039 0.778401
3 0.265036 0.689867 0.317609 0.764375
3 0.522269 0.435659 0.538698 0.545231
3 0.548086 0.469846 0.565454 0.548738
3 0.572964 0.416375 0.592679 0.538219
3 0.599251 0.453191 0.614741 0.526824
3 0.641967 0.405856 0.682805 0.522440
10 0.547617 0.436535 0.567331 0.483870
8 0.332161 0.471599 0.365957 0.562763
7 0.341080 0.436535 0.371590 0.482994
4 0.391305 0.566269 0.407734 0.605715
7 0.535882 0.783660 0.557944 0.824859
6 0.422755 0.705645 0.448103 0.767005
6 0.485656 0.712658 0.507248 0.799439
6 0.460777 0.707399 0.473451 0.748598
6 0.513350 0.740708 0.532126 0.805575
6 0.541044 0.720547 0.554658 0.777525
6 0.574373 0.709151 0.589394 0.759116
6 0.611456 0.703015 0.631170 0.760869
6 0.303526 0.704768 0.331222 0.745092
6 0.411490 0.482118 0.427450 0.532960
6 0.392713 0.477735 0.407265 0.525947
6 0.399286 0.714411 0.412429 0.765253
6 0.677172 0.459327 0.697826 0.486501
6 0.627415 0.448807 0.646661 0.498773
