5 0.220497 0.316980 0.279877 0.446908
2 0.260684 0.538755 0.387240 0.651882
2 0.583973 0.442428 0.702732 0.533154
2 0.618160 0.515233 0.730922 0.611559
4 0.404035 0.510753 0.417229 0.542115
4 0.392713 0.602209 0.408673 0.654803
4 0.378162 0.620617 0.386611 0.648667
9 0.715664 0.599579 0.747583 0.630259
9 0.267759 0.635997 0.286898 0.674487
7 0.264815 0.707478 0.283954 0.751466
7 0.244203 0.676319 0.259907 0.725807
6 0.280518 0.642412 0.324684 0.712977
6 0.349222 0.655242 0.372287 0.682735
6 0.477796 0.646078 0.496444 0.706562
6 0.501352 0.635081 0.521962 0.690983
6 0.547480 0.611254 0.567110 0.669905
6 0.347259 0.640579 0.367379 0.689149
6 0.384555 0.638747 0.395351 0.684567
6 0.411546 0.626833 0.432648 0.679069
6 0.447370 0.628666 0.469452 0.672654
6 0.648572 0.629582 0.663785 0.668988
6 0.524416 0.396811 0.544046 0.471041
6 0.477795 0.405059 0.504787 0.465543
6 0.430194 0.433468 0.442462 0.483870
6 0.456694 0.416056 0.470925 0.485704
6 0.650045 0.386731 0.666239 0.444466
6 0.614221 0.386730 0.638759 0.446298
6 0.695193 0.405975 0.708443 0.439883
6 0.698629 0.624084 0.727092 0.655242
