3 0.412121 0.457949 0.438855 0.576997
3 0.566868 0.419546 0.590002 0.555875
3 0.593602 0.444508 0.609539 0.555875
3 0.617250 0.465630 0.633188 0.562596
1 0.328836 0.606758 0.353512 0.653801
1 0.370992 0.615399 0.389500 0.657643
1 0.400296 0.587558 0.418804 0.640360
1 0.411607 0.586597 0.438855 0.640360
1 0.568924 0.564515 0.586404 0.604839
1 0.584861 0.552995 0.619306 0.612519
1 0.643984 0.574117 0.682542 0.616360
4 0.362767 0.605799 0.373563 0.635561
4 0.670203 0.594278 0.688197 0.638440
9 0.707733 0.635561 0.726241 0.668203
6 0.495406 0.690284 0.512372 0.753648
6 0.267657 0.662443 0.289249 0.699885
6 0.673802 0.654762 0.708761 0.690284
6 0.319067 0.517473 0.329349 0.577957
