2 0.427126 0.532034 0.038987 0.098566
2 0.552183 0.537074 0.031189 0.101927
2 0.309567 0.627240 0.060579 0.087366
5 0.753114 0.686604 0.067177 0.156810
3 0.555182 0.460909 0.014395 0.119848
3 0.422328 0.431788 0.020993 0.133289
3 0.280177 0.670363 0.036587 0.086246
9 0.286475 0.668123 0.017994 0.030242
1 0.319763 0.551635 0.046184 0.057124
1 0.395037 0.544355 0.029990 0.064964
1 0.458016 0.529794 0.020393 0.064964
1 0.482607 0.535394 0.031189 0.085125
1 0.536889 0.560036 0.016194 0.038082
1 0.572876 0.545475 0.016194 0.035842
1 0.676340 0.563956 0.032389 0.061604
1 0.599267 0.633961 0.016194 0.035842
6 0.312866 0.681564 0.026391 0.032482