1 0.241089 0.474384 0.258871 0.501661
1 0.303961 0.479127 0.322379 0.519450
1 0.274112 0.468454 0.303961 0.520636
1 0.347782 0.492173 0.380171 0.530124
1 0.380170 0.489801 0.418910 0.526566
1 0.441137 0.475569 0.471621 0.515892
1 0.525603 0.488614 0.538940 0.530123
1 0.537669 0.490987 0.551641 0.528938
1 0.561802 0.486242 0.566882 0.524193
1 0.564343 0.476755 0.580219 0.526565
1 0.542114 0.472011 0.564342 0.506404
1 0.592920 0.480313 0.631026 0.532495
1 0.633566 0.479127 0.685007 0.530123
1 0.638647 0.558586 0.647537 0.591793
1 0.611337 0.543169 0.640550 0.560959
1 0.382711 0.558586 0.406843 0.607210
1 0.368103 0.558586 0.382711 0.589421
1 0.299516 0.555028 0.349052 0.611954
1 0.286814 0.547913 0.307771 0.582305
3 0.542114 0.349857 0.564978 0.475569
3 0.372550 0.603653 0.408749 0.743595
