4 0.225792 0.354083 0.272351 0.430947
4 0.712974 0.407005 0.758184 0.478830
4 0.700829 0.493951 0.757509 0.569556
4 0.646848 0.429688 0.672489 0.509073
7 0.559802 0.769909 0.590167 0.830393
8 0.391110 0.593498 0.428897 0.723286
3 0.441718 0.321321 0.463985 0.485131
3 0.553729 0.633821 0.584769 0.779990
3 0.528763 0.637601 0.548331 0.737147
3 0.509195 0.641381 0.525389 0.735887
3 0.359396 0.616179 0.382338 0.734627
1 0.317561 0.423387 0.352649 0.505292
1 0.343876 0.454889 0.372891 0.511593
1 0.463985 0.493951 0.479505 0.550655
1 0.439019 0.478830 0.460612 0.520413
1 0.482878 0.498993 0.496374 0.549396
1 0.497723 0.505292 0.507170 0.536794
1 0.519317 0.500252 0.532138 0.559476
1 0.527414 0.497732 0.543608 0.553176
1 0.682611 0.443548 0.708252 0.501512
1 0.356697 0.550655 0.412703 0.631301
1 0.551030 0.585938 0.567900 0.632561
1 0.530112 0.598539 0.541583 0.636341
1 0.508520 0.592238 0.524040 0.640120
6 0.649547 0.617440 0.685310 0.667843
