0 0.570593 0.501344 0.021041 0.059140
0 0.546649 0.524866 0.018139 0.057796
0 0.588732 0.495968 0.018139 0.072581
0 0.700832 0.502688 0.031925 0.034946
0 0.662377 0.547043 0.033376 0.040323
0 0.430922 0.475134 0.013060 0.038978
0 0.652219 0.489919 0.044985 0.041667
3 0.406253 0.391801 0.027571 0.108871
3 0.434912 0.386425 0.012335 0.122312
3 0.487153 0.409274 0.015237 0.098118
3 0.569505 0.392473 0.008707 0.145161
3 0.590183 0.403226 0.015237 0.102151
3 0.643512 0.391801 0.047887 0.098118
2 0.698655 0.386425 0.015962 0.022849
2 0.322087 0.553763 0.008707 0.026882
4 0.485702 0.513441 0.026846 0.083333
7 0.487153 0.363575 0.013786 0.020161
7 0.414959 0.354167 0.013060 0.025538
