4 0.308264 0.453069 0.011358 0.032482
4 0.674701 0.547715 0.025704 0.056004
4 0.691438 0.482751 0.014944 0.051523
4 0.725810 0.478271 0.010760 0.029122
4 0.635546 0.476591 0.016738 0.072805
1 0.290630 0.472110 0.044235 0.066084
1 0.337555 0.465950 0.048420 0.071685
1 0.473848 0.502352 0.012553 0.052643
1 0.494770 0.497872 0.010162 0.059364
1 0.711464 0.482751 0.037062 0.064964
1 0.660653 0.553875 0.057386 0.061604
1 0.602071 0.594758 0.027498 0.047043
1 0.572481 0.585797 0.031682 0.069444
1 0.557835 0.621640 0.021520 0.038082
1 0.444258 0.636201 0.017933 0.040323
1 0.384182 0.594198 0.037660 0.066084
1 0.348614 0.571797 0.051409 0.070565
1 0.293021 0.543235 0.046626 0.058244
2 0.374020 0.490031 0.040051 0.063844
2 0.435292 0.497872 0.060973 0.081765
2 0.516290 0.504032 0.032878 0.087366
2 0.586230 0.504592 0.102220 0.088486
3 0.374916 0.396505 0.015542 0.134409
3 0.335164 0.380824 0.030487 0.138889
3 0.426624 0.383625 0.025704 0.173611
3 0.460099 0.392025 0.012553 0.150090
3 0.486102 0.394265 0.015542 0.154570
3 0.519877 0.396505 0.018531 0.143369
3 0.546179 0.386985 0.018531 0.131048
3 0.576366 0.389785 0.028693 0.159050
3 0.622993 0.400986 0.016738 0.123208
3 0.603565 0.413866 0.020922 0.135529
3 0.716844 0.413866 0.026302 0.088486
3 0.669321 0.601478 0.032878 0.076165
3 0.606853 0.668123 0.023911 0.113127
3 0.578459 0.676523 0.017335 0.127688
3 0.384780 0.679323 0.022118 0.128808
8 0.672907 0.434028 0.025704 0.088486
8 0.625683 0.610439 0.025704 0.040323