7 0.586890 0.774431 0.026530 0.054554
7 0.560045 0.706238 0.027161 0.067600
3 0.430871 0.354009 0.029056 0.131641
3 0.600471 0.380693 0.034741 0.149431
3 0.627632 0.426945 0.024635 0.137571
3 0.585311 0.674217 0.025898 0.202799
3 0.554676 0.635674 0.024003 0.154175
3 0.538569 0.629744 0.024635 0.151803
3 0.515829 0.629151 0.022108 0.136385
3 0.496879 0.638639 0.027161 0.174336
3 0.469402 0.655242 0.042953 0.193311
1 0.435293 0.444734 0.034109 0.061670
1 0.594470 0.473790 0.013896 0.041509
1 0.623211 0.493952 0.025898 0.039137