0 0.629083 0.421497 0.024830 0.119708
0 0.599871 0.425277 0.027751 0.129788
10 0.480103 0.744708 0.021909 0.057964
10 0.577597 0.785660 0.032863 0.051663
10 0.517348 0.730847 0.013145 0.045363
10 0.458559 0.712576 0.015336 0.023942
10 0.466227 0.401966 0.024830 0.037802
10 0.408899 0.374874 0.024100 0.041583
9 0.301546 0.577117 0.031403 0.050403
3 0.296068 0.590348 0.054042 0.109627
3 0.324915 0.378654 0.046009 0.117187
3 0.411820 0.422127 0.018257 0.098286
3 0.381148 0.403226 0.019718 0.078125
3 0.464767 0.449219 0.016067 0.084425
3 0.487041 0.458039 0.022639 0.117187
3 0.525016 0.467490 0.016797 0.108367
3 0.548020 0.446069 0.018988 0.118448
3 0.636386 0.731477 0.027751 0.099546
3 0.576502 0.737777 0.023369 0.094506
3 0.520269 0.677293 0.018988 0.091986
3 0.485215 0.676663 0.014606 0.095766
3 0.464767 0.668473 0.017527 0.081905
2 0.361795 0.495842 0.129993 0.137349
2 0.358509 0.558846 0.135105 0.129788
2 0.460750 0.530494 0.027021 0.083165
2 0.550942 0.546245 0.026291 0.066784
2 0.616668 0.527974 0.054042 0.095766
2 0.620685 0.638231 0.047469 0.097026
2 0.575772 0.645161 0.037975 0.095766
1 0.580518 0.544355 0.018257 0.068044
1 0.529398 0.553175 0.018257 0.057964
1 0.508584 0.549395 0.008764 0.050403
1 0.498725 0.546245 0.015336 0.051663
1 0.483024 0.547505 0.016067 0.074345
1 0.434094 0.597278 0.018988 0.057964
1 0.530493 0.626260 0.024830 0.040323