2 0.498564 0.571631 0.612442 0.670067
2 0.561235 0.448292 0.712563 0.547912
2 0.272336 0.464896 0.560470 0.576376
4 0.396150 0.592979 0.437420 0.664136
8 0.611678 0.608397 0.643778 0.702087
8 0.423664 0.654649 0.466464 0.759013
7 0.623906 0.689042 0.650656 0.731736
7 0.436657 0.743595 0.469521 0.782732
3 0.396914 0.646348 0.422135 0.729364
3 0.621614 0.625001 0.640721 0.698530
3 0.438949 0.367647 0.464935 0.473197
3 0.480220 0.365275 0.497800 0.479127
3 0.509264 0.356973 0.531428 0.480313
3 0.544420 0.370019 0.562763 0.485057
3 0.573464 0.361717 0.596392 0.464895
