9 0.291481 0.682964 0.025122 0.039315
7 0.423518 0.459677 0.023954 0.052419
2 0.509109 0.736895 0.098152 0.106855
8 0.397520 0.501008 0.026875 0.076613
7 0.556432 0.507056 0.019864 0.048387
3 0.611350 0.547883 0.018696 0.099798
3 0.580094 0.548891 0.019280 0.093750
3 0.557893 0.570565 0.014606 0.096774
3 0.419711 0.525357 0.013033 0.134150
3 0.364208 0.516051 0.026965 0.100031
3 0.392072 0.737826 0.021572 0.069014
1 0.329828 0.626551 0.039998 0.065136
1 0.433642 0.684708 0.018426 0.038772
1 0.355669 0.581963 0.017977 0.031793
1 0.587117 0.618021 0.033257 0.074442
1 0.618351 0.620347 0.027414 0.055831
1 0.416565 0.606002 0.021122 0.050403
1 0.559927 0.636244 0.022021 0.044200
6 0.315447 0.711849 0.063367 0.065136
6 0.716772 0.694401 0.042694 0.034895
6 0.509818 0.548620 0.019774 0.072115
6 0.495212 0.544743 0.022021 0.079870
6 0.465101 0.542804 0.016628 0.072891
6 0.436339 0.538151 0.022920 0.066687
6 0.541277 0.546681 0.016179 0.068238
6 0.570017 0.548387 0.015357 0.071429
6 0.596058 0.537730 0.016692 0.084677
6 0.714008 0.480511 0.020124 0.069444
6 0.334903 0.487791 0.027914 0.063844