1 0.278103 0.508512 0.309273 0.564516
1 0.324860 0.524194 0.356030 0.586918
1 0.354732 0.544354 0.385902 0.625000
1 0.391747 0.567876 0.422918 0.626120
1 0.565136 0.553315 0.609295 0.608199
1 0.593709 0.520833 0.632673 0.600359
1 0.654752 0.490591 0.695664 0.567877
1 0.659948 0.568997 0.699560 0.604839
1 0.605398 0.604839 0.659298 0.665323
1 0.594359 0.631720 0.620983 0.670924
1 0.323560 0.602598 0.369018 0.678763
4 0.312550 0.622250 0.331146 0.659824
4 0.630814 0.624084 0.649410 0.647911
4 0.678102 0.501283 0.706262 0.534274
4 0.353463 0.522361 0.385342 0.573681
3 0.387998 0.487537 0.417752 0.573681
3 0.660569 0.427970 0.694042 0.503116
3 0.569712 0.506781 0.599996 0.561767
3 0.292360 0.660740 0.352400 0.778042
7 0.315207 0.744135 0.332209 0.791789
7 0.288110 0.718475 0.311488 0.761547
