2 0.602404 0.521229 0.101383 0.126898
2 0.651371 0.608397 0.159316 0.177894
9 0.728615 0.594165 0.026897 0.042694
9 0.314808 0.623221 0.014483 0.043880
6 0.705510 0.633895 0.048277 0.034393
6 0.576885 0.453036 0.026897 0.078273
3 0.406190 0.675403 0.023449 0.072343
1 0.569299 0.681926 0.024139 0.037951
1 0.542057 0.577562 0.016552 0.054554
1 0.531712 0.573411 0.015173 0.020161
1 0.508952 0.584677 0.016552 0.037951
1 0.497228 0.575190 0.015173 0.045066
1 0.478262 0.562144 0.008966 0.049810
1 0.466882 0.563330 0.015173 0.042694
1 0.389293 0.529530 0.017242 0.050996
1 0.410328 0.528344 0.026208 0.043880
1 0.350326 0.503439 0.024828 0.048624
1 0.303083 0.470232 0.031035 0.022533
1 0.296532 0.520043 0.037243 0.041509
1 0.335843 0.565702 0.040001 0.033207
1 0.353430 0.586456 0.025518 0.036765
1 0.382052 0.602467 0.019311 0.054554
1 0.406535 0.622628 0.024139 0.037951