2 0.419794 0.545540 0.585066 0.627371
2 0.421859 0.638045 0.568539 0.730550
1 0.383984 0.616698 0.418416 0.675996
6 0.613989 0.413899 0.663571 0.483871
6 0.577491 0.413900 0.611235 0.488615
6 0.607102 0.693785 0.625008 0.756641
6 0.577491 0.710389 0.600217 0.767315
6 0.550634 0.726992 0.565784 0.781546
6 0.525154 0.726993 0.539616 0.774431
6 0.435632 0.718691 0.443896 0.764943
6 0.516203 0.445920 0.531353 0.515892
6 0.542371 0.442362 0.557521 0.519450
6 0.462489 0.457780 0.481771 0.514706
6 0.438387 0.419829 0.461801 0.492173
1 0.577491 0.630930 0.607102 0.654649
7 0.467310 0.761385 0.493478 0.810009
