5 0.283642 0.410980 0.062207 0.108561
5 0.711425 0.421836 0.061305 0.111663
5 0.759207 0.644386 0.068517 0.110112
5 0.239917 0.648263 0.066714 0.108561
4 0.303822 0.525314 0.018882 0.033602
4 0.368608 0.533714 0.023440 0.057124
4 0.652820 0.543795 0.035811 0.075045
4 0.699701 0.628920 0.050136 0.032482
4 0.675284 0.647961 0.015627 0.023522
4 0.664215 0.656362 0.027347 0.033602
4 0.299590 0.613799 0.029951 0.047043
4 0.331820 0.633961 0.011069 0.051523
4 0.343540 0.639001 0.021487 0.032482
4 0.380003 0.576837 0.018882 0.031362