4 0.349111 0.522303 0.024164 0.064264
4 0.374373 0.542465 0.026360 0.059224
4 0.408422 0.550025 0.016841 0.056704
4 0.458580 0.575857 0.013180 0.055444
4 0.438809 0.577117 0.013180 0.040323
4 0.512032 0.575227 0.030754 0.046623
4 0.642369 0.516633 0.035147 0.075605
4 0.622599 0.523564 0.021967 0.031502
4 0.714859 0.558216 0.020502 0.052923
4 0.588184 0.644531 0.026360 0.054183
4 0.318724 0.615549 0.049792 0.079385
4 0.373985 0.627291 0.017041 0.055902
4 0.302626 0.474707 0.028757 0.058651
9 0.741696 0.615378 0.023964 0.035740
9 0.288247 0.642412 0.031952 0.031158
7 0.290910 0.685484 0.037277 0.047654
7 0.353216 0.426595 0.020236 0.039406
7 0.376115 0.422471 0.014911 0.049487
7 0.397150 0.426136 0.017573 0.067815
8 0.288247 0.399560 0.037277 0.082478
6 0.331116 0.665781 0.046330 0.046738