4 0.682463 0.538425 0.032305 0.085389
4 0.711675 0.540204 0.030243 0.105550
4 0.422650 0.586456 0.014434 0.055740
8 0.386564 0.456001 0.041240 0.136385
8 0.514753 0.443548 0.026806 0.137571
8 0.294461 0.578748 0.054987 0.085389
8 0.270405 0.533681 0.083855 0.135199
7 0.425399 0.743003 0.037804 0.043880
7 0.580050 0.743003 0.022682 0.048624
6 0.441208 0.683705 0.025431 0.091319
6 0.404092 0.686670 0.036429 0.099620
6 0.455986 0.467861 0.026119 0.100806
6 0.414745 0.466082 0.020620 0.094877
6 0.594484 0.684298 0.029555 0.109108
6 0.561492 0.678368 0.025431 0.080645
6 0.660812 0.463117 0.026119 0.112666