1 0.417929 0.530914 0.022395 0.085125
1 0.461997 0.551075 0.019506 0.040323
1 0.446104 0.559476 0.010836 0.036962
1 0.519431 0.661962 0.028897 0.094086
1 0.485838 0.674283 0.018061 0.042563
1 0.461636 0.674283 0.023118 0.040323
1 0.435267 0.691644 0.031064 0.032482
1 0.626350 0.511313 0.013004 0.048163
7 0.576864 0.807012 0.036844 0.050403
2 0.592396 0.669243 0.111254 0.097446
2 0.345686 0.660282 0.142319 0.104167
2 0.350021 0.539875 0.117756 0.114247
2 0.531712 0.551075 0.137262 0.082885
3 0.631407 0.485551 0.024563 0.086246
8 0.634297 0.470990 0.030342 0.106407
3 0.579031 0.470430 0.016616 0.136649
3 0.547967 0.491151 0.012281 0.104167
3 0.524488 0.468190 0.018783 0.116487
3 0.482948 0.459229 0.028175 0.107527
3 0.364108 0.460349 0.036121 0.103047