8 0.247138 0.625000 0.301180 0.730847
8 0.272699 0.638860 0.337695 0.745968
8 0.670710 0.386845 0.709416 0.519153
4 0.244217 0.553176 0.269047 0.601058
4 0.262593 0.592008 0.292335 0.615835
4 0.352884 0.536107 0.372004 0.562683
4 0.366162 0.538857 0.388468 0.606672
4 0.577550 0.540689 0.596139 0.584677
4 0.593483 0.531525 0.626413 0.596591
4 0.402810 0.674486 0.419274 0.712060
4 0.390593 0.671738 0.406527 0.707478
1 0.268966 0.486621 0.309862 0.548937
1 0.355540 0.548020 0.372004 0.586510
1 0.380502 0.549853 0.407058 0.606671
1 0.628005 0.505865 0.667309 0.552603
3 0.265248 0.370235 0.319954 0.483871
3 0.379971 0.447215 0.404403 0.540690
3 0.581268 0.429802 0.616853 0.537940
3 0.627475 0.395894 0.663060 0.508614
