4 0.729010 0.567169 0.039359 0.060484
4 0.659516 0.515174 0.025829 0.068973
4 0.406450 0.603247 0.023984 0.045628
4 0.281607 0.560802 0.027674 0.060484
4 0.649369 0.595289 0.022754 0.038200
7 0.384310 0.731643 0.051044 0.068973
7 0.571038 0.375504 0.023369 0.051411
3 0.571914 0.453125 0.019280 0.107863
3 0.446303 0.420867 0.022785 0.121976
8 0.347567 0.621976 0.054334 0.076613
8 0.378824 0.642641 0.040897 0.091734
1 0.298200 0.564516 0.033886 0.056452
1 0.712131 0.543851 0.047323 0.053427
1 0.666268 0.583165 0.031549 0.045363
1 0.644944 0.537298 0.021617 0.028226
4 0.432866 0.599294 0.015774 0.033266
2 0.496256 0.519657 0.181113 0.095766
6 0.663932 0.660786 0.030380 0.053427
6 0.594943 0.684953 0.015990 0.041384
6 0.627229 0.478035 0.011685 0.041384
6 0.509152 0.666914 0.010455 0.054117
6 0.491318 0.655242 0.012915 0.051995
6 0.469793 0.649936 0.010455 0.051995
6 0.441196 0.657895 0.013530 0.053056
6 0.523297 0.655242 0.012915 0.064728
6 0.542054 0.654181 0.009840 0.051995
6 0.571266 0.666384 0.014145 0.061545