3 0.381016 0.665322 0.402267 0.772429
1 0.699125 0.467954 0.738618 0.527377
1 0.508447 0.526316 0.523257 0.585739
1 0.491787 0.523132 0.508448 0.581494
4 0.731213 0.453098 0.748491 0.536928
3 0.464635 0.391553 0.486849 0.481749
3 0.404160 0.354415 0.422055 0.474322
2 0.217803 0.440365 0.433164 0.575127
2 0.463400 0.491299 0.496105 0.573005
2 0.520788 0.487054 0.593604 0.585738
2 0.647290 0.461587 0.707148 0.550721
2 0.431930 0.497665 0.464635 0.581494
1 0.372690 0.601656 0.402926 0.674873
6 0.637417 0.673811 0.684932 0.732173
6 0.710849 0.652589 0.748491 0.692911
6 0.686783 0.440365 0.716403 0.489177
6 0.420822 0.430815 0.447356 0.489177
