8 0.272780 0.634409 0.314190 0.708334
8 0.344662 0.650538 0.400138 0.740592
8 0.680639 0.647849 0.707986 0.739247
8 0.697047 0.443548 0.732207 0.505376
8 0.635321 0.405914 0.664231 0.514784
8 0.615006 0.438172 0.639228 0.526882
8 0.584534 0.368280 0.611881 0.493280
4 0.718924 0.569893 0.749396 0.637097
4 0.690014 0.598118 0.718924 0.649193
4 0.637665 0.604839 0.658761 0.662635
4 0.381385 0.518817 0.406388 0.557795
6 0.651368 0.672043 0.684854 0.764209
6 0.421431 0.647081 0.444871 0.706605
6 0.440406 0.444508 0.477240 0.486752
6 0.613975 0.635560 0.635741 0.687404
7 0.744571 0.678764 0.773591 0.725807
