6 0.255655 0.382084 0.308751 0.502088
6 0.725664 0.337083 0.777778 0.468337
6 0.214357 0.601463 0.264504 0.743966
3 0.524091 0.402711 0.547689 0.520838
3 0.604719 0.408335 0.633235 0.518962
3 0.667650 0.387710 0.695182 0.492712
3 0.297935 0.676465 0.355949 0.813343
3 0.371681 0.710216 0.391347 0.798343
3 0.661750 0.667090 0.716814 0.760842
2 0.277286 0.517087 0.308751 0.573338
2 0.332350 0.535838 0.372665 0.593964
2 0.381514 0.539587 0.406096 0.584589
2 0.424779 0.526463 0.443461 0.588339
2 0.465094 0.535838 0.483776 0.586464
2 0.482793 0.539588 0.496559 0.590214
2 0.508358 0.530213 0.519174 0.571464
2 0.527041 0.524588 0.552606 0.590214
2 0.554572 0.535837 0.573254 0.573338
2 0.598820 0.518962 0.628319 0.569588
2 0.709931 0.492711 0.743363 0.552712
2 0.661750 0.496462 0.705998 0.567712
2 0.645034 0.520837 0.658800 0.554589
2 0.628424 0.523111 0.637906 0.567308
2 0.531500 0.649675 0.543090 0.665747
2 0.507269 0.650680 0.518331 0.671774
2 0.496734 0.646662 0.507269 0.669765
2 0.481459 0.651684 0.491993 0.674788
2 0.474083 0.651684 0.483565 0.678805
2 0.435103 0.637622 0.448799 0.676797
2 0.420354 0.640635 0.432996 0.677801
2 0.323708 0.621390 0.372613 0.679121
1 0.370284 0.633232 0.408322 0.707247
1 0.642757 0.593263 0.701754 0.659876
