13 0.240202 0.742865 0.381374 0.813179
13 0.242309 0.807152 0.378213 0.893538
5 0.406219 0.675922 0.436947 0.714595
5 0.453540 0.689984 0.471362 0.731000
5 0.569075 0.678265 0.583210 0.723969
5 0.605334 0.681781 0.617626 0.713422
5 0.638521 0.673577 0.653269 0.709906
5 0.517454 0.561076 0.535891 0.593889
5 0.408062 0.548184 0.420354 0.576310
5 0.444321 0.558731 0.451697 0.580997
5 0.558628 0.542324 0.577066 0.576309
5 0.590585 0.548184 0.601033 0.573966
5 0.620698 0.551700 0.629302 0.572794
4 0.535890 0.577481 0.569690 0.611466
4 0.582596 0.573967 0.596116 0.603263
4 0.653269 0.561075 0.661873 0.591545
4 0.435718 0.670061 0.449238 0.706391
