8 0.294985 0.629779 0.357494 0.711027
1 0.334317 0.495176 0.391207 0.566722
1 0.389802 0.501240 0.453715 0.601889
4 0.462846 0.559446 0.483214 0.609164
4 0.518331 0.575211 0.537997 0.611590
4 0.644051 0.595826 0.686192 0.632204
1 0.546425 0.518216 0.602613 0.604314
1 0.603316 0.503664 0.663014 0.550957
5 0.345554 0.673435 0.379969 0.708601
5 0.381374 0.476986 0.408062 0.503664
5 0.572412 0.502452 0.593482 0.530342
5 0.658099 0.484263 0.672847 0.524280
5 0.650372 0.644331 0.665824 0.679497
5 0.620171 0.660095 0.633516 0.685561
5 0.455822 0.694049 0.467060 0.717089
5 0.481810 0.701325 0.491642 0.720727
5 0.500070 0.700113 0.509200 0.720728
5 0.520438 0.690412 0.528866 0.721940
5 0.563281 0.677072 0.571709 0.701326
5 0.587161 0.666158 0.598399 0.695262
