12 0.279072 0.483636 0.052011 0.111244
12 0.721161 0.483636 0.062102 0.105883
12 0.232952 0.649137 0.059865 0.101862
12 0.764793 0.648388 0.058129 0.094372
3 0.260715 0.707558 0.032101 0.068907
3 0.727919 0.690331 0.032969 0.061417
3 0.620770 0.569744 0.040777 0.125830
3 0.559171 0.571991 0.019955 0.088380
3 0.523599 0.539036 0.021690 0.046437
2 0.301492 0.573489 0.033837 0.061417
2 0.468940 0.620676 0.032101 0.062915
2 0.559604 0.633408 0.019087 0.046437
2 0.525334 0.576485 0.028631 0.034453
2 0.713170 0.646141 0.031234 0.062915
2 0.701024 0.583975 0.036439 0.055425
2 0.290213 0.641647 0.045983 0.062915
8 0.435537 0.564502 0.032969 0.088380
5 0.676731 0.565251 0.020822 0.038947
5 0.640292 0.598955 0.017352 0.022470
5 0.490196 0.588469 0.022558 0.040445
5 0.617734 0.743509 0.022558 0.023968
5 0.388253 0.740513 0.018220 0.023968
5 0.325351 0.567498 0.013882 0.031457
2 0.338311 0.619678 0.025811 0.028649
