0 0.306612 0.550835 0.016325 0.050403
0 0.348203 0.552275 0.045089 0.064804
0 0.501737 0.573157 0.011661 0.048963
0 0.510677 0.568116 0.012438 0.044643
0 0.700749 0.635801 0.020990 0.044643
0 0.676650 0.659562 0.036537 0.069124
0 0.598135 0.644386 0.022604 0.027916
0 0.638948 0.645549 0.040604 0.047301
4 0.406690 0.554435 0.029930 0.080645
4 0.592163 0.564516 0.097951 0.060484
4 0.360435 0.647681 0.140578 0.062164
2 0.691050 0.554966 0.015466 0.050934
2 0.653244 0.547538 0.024631 0.036078
0 0.663268 0.571413 0.044679 0.049873
2 0.653817 0.688667 0.017757 0.044567
2 0.537075 0.566888 0.012804 0.045066
2 0.479457 0.569260 0.014084 0.052182
2 0.273545 0.555556 0.013907 0.040323
3 0.340962 0.472110 0.036278 0.092966
3 0.408077 0.465390 0.029023 0.092966
3 0.556213 0.480511 0.010883 0.103047
3 0.302266 0.725806 0.030232 0.098566
3 0.692861 0.727487 0.036278 0.101927
3 0.411100 0.721326 0.015721 0.080645
7 0.558934 0.418347 0.018744 0.034722
