6 0.746313 0.430951 0.064897 0.127328
5 0.275320 0.736537 0.025565 0.045838
5 0.339233 0.773887 0.019666 0.035652
5 0.673058 0.730596 0.022616 0.037349
5 0.728122 0.705979 0.018682 0.035652
5 0.664208 0.546395 0.020649 0.035652
5 0.709440 0.531964 0.010816 0.037349
5 0.605211 0.757759 0.014749 0.033954
5 0.583088 0.598175 0.011799 0.040745
5 0.558997 0.610908 0.012783 0.039047
5 0.574730 0.762852 0.014749 0.040745
2 0.329892 0.708525 0.050147 0.054326
2 0.691740 0.580349 0.026549 0.049233
2 0.731563 0.546395 0.033432 0.069606
3 0.690265 0.492917 0.033432 0.125630
3 0.723697 0.468301 0.029499 0.079792
