13 0.326327 0.399242 0.119838 0.144835
13 0.417588 0.310908 0.058997 0.251472
13 0.560472 0.309317 0.058997 0.245106
13 0.664178 0.407200 0.104167 0.128919
13 0.277931 0.787591 0.131822 0.100270
13 0.693676 0.794753 0.129978 0.063664
0 0.296368 0.733477 0.032264 0.116186
3 0.294985 0.490759 0.031342 0.120961
3 0.601032 0.499512 0.018437 0.087538
3 0.546645 0.520999 0.018437 0.076397
3 0.648968 0.719948 0.036873 0.082763
3 0.741150 0.680954 0.040560 0.071622
3 0.364583 0.724723 0.011984 0.092313
3 0.385324 0.511449 0.022124 0.092313
1 0.319414 0.647531 0.059919 0.071622
1 0.697824 0.552831 0.060841 0.054114
1 0.603798 0.571930 0.042404 0.073213
1 0.300516 0.571134 0.055310 0.046156
12 0.500092 0.674588 0.299594 0.068439
12 0.462758 0.585459 0.250737 0.055706
12 0.649428 0.567155 0.043326 0.028649
3 0.690911 0.700849 0.047013 0.076397
