6 0.181529 0.368944 0.262083 0.496272
2 0.272427 0.584724 0.317543 0.637154
2 0.347908 0.577234 0.377408 0.619178
2 0.376540 0.568246 0.393024 0.625170
2 0.452888 0.608691 0.504077 0.665614
2 0.633351 0.653631 0.661114 0.691080
2 0.711435 0.589218 0.730523 0.632660
2 0.569149 0.620675 0.583897 0.647639
8 0.314939 0.494846 0.348776 0.581728
4 0.542252 0.622173 0.555266 0.644643
4 0.714037 0.620675 0.743536 0.667112
4 0.705362 0.680594 0.726184 0.713550
4 0.609925 0.707558 0.628145 0.746506
1 0.661982 0.635655 0.717509 0.701566
5 0.617734 0.554764 0.634218 0.595210
5 0.766962 0.623671 0.788652 0.664116
5 0.627277 0.707558 0.644629 0.746506
5 0.431199 0.709056 0.444213 0.748004
5 0.394759 0.691080 0.406039 0.728530
5 0.353982 0.683590 0.369599 0.725534
5 0.314073 0.692578 0.330557 0.719542
5 0.576089 0.562254 0.588235 0.593712
5 0.537915 0.572740 0.550061 0.608692
5 0.493667 0.565250 0.509284 0.605696
5 0.456359 0.565250 0.470241 0.601202
5 0.417318 0.554764 0.429464 0.590716
5 0.265487 0.532295 0.278501 0.572740
5 0.550061 0.709056 0.563075 0.743510
5 0.587368 0.709056 0.600382 0.745008
9 0.743536 0.661120 0.766094 0.700068
9 0.690612 0.698570 0.713170 0.740514
