3 0.551757 0.533438 0.014749 0.098390
8 0.551757 0.544434 0.029499 0.083342
8 0.555444 0.757997 0.030169 0.140060
8 0.529968 0.729059 0.022124 0.121540
8 0.443819 0.706488 0.036203 0.131958
4 0.420689 0.628933 0.028828 0.039356
4 0.582596 0.656714 0.028158 0.034726
4 0.466613 0.621410 0.016090 0.045143
5 0.392532 0.698964 0.018101 0.035883
5 0.604720 0.711118 0.016090 0.034726
5 0.481362 0.685073 0.006704 0.049774
5 0.500805 0.685073 0.008045 0.047458
5 0.518906 0.694912 0.010727 0.025466
5 0.424377 0.693176 0.010727 0.031253
