6 0.215503 0.312154 0.295805 0.430906
6 0.766040 0.277344 0.807522 0.425003
2 0.625000 0.509379 0.640671 0.546295
2 0.676622 0.507621 0.721792 0.551567
2 0.746681 0.495317 0.772493 0.537505
2 0.275627 0.611335 0.296829 0.644733
2 0.235988 0.504105 0.283001 0.556840
2 0.365044 0.541021 0.393621 0.572662
2 0.335546 0.523443 0.356748 0.577935
5 0.612095 0.625397 0.632375 0.671101
5 0.646202 0.620123 0.659108 0.657038
5 0.687685 0.625397 0.702433 0.662312
5 0.729167 0.613092 0.746681 0.642976
5 0.668327 0.468949 0.683998 0.507622
5 0.723636 0.463676 0.732854 0.498833
5 0.766962 0.417971 0.788164 0.475979
5 0.276549 0.468948 0.296829 0.509379
5 0.234144 0.460159 0.247050 0.491801
5 0.351217 0.502348 0.362279 0.526958
5 0.382559 0.491800 0.395465 0.525199
5 0.417588 0.502348 0.432337 0.535747
5 0.496866 0.484769 0.529130 0.526957
5 0.376107 0.650008 0.390856 0.683407
5 0.412979 0.648250 0.426807 0.685165
5 0.450775 0.651765 0.468289 0.695711
5 0.483038 0.651764 0.503318 0.690437
5 0.516224 0.646491 0.532818 0.685164
5 0.579831 0.648250 0.593658 0.685165
