3 0.285441 0.422984 0.321013 0.484113
3 0.327954 0.432898 0.359188 0.485766
3 0.375673 0.416376 0.392157 0.492374
3 0.425993 0.360203 0.447683 0.485766
3 0.497137 0.375073 0.509283 0.479158
3 0.540517 0.363507 0.556134 0.482461
3 0.596911 0.358552 0.614263 0.422984
3 0.620336 0.384985 0.638556 0.482461
3 0.651570 0.376724 0.674995 0.465940
3 0.725317 0.350291 0.743537 0.462636
3 0.265487 0.631153 0.295853 0.712109
3 0.290648 0.652632 0.340100 0.771586
0 0.410376 0.700543 0.444213 0.829411
0 0.341836 0.695587 0.384349 0.811237
1 0.263751 0.566720 0.314941 0.636110
1 0.314939 0.598112 0.370466 0.659241
1 0.366129 0.614632 0.449419 0.695588
1 0.634218 0.584895 0.770432 0.665849
1 0.488460 0.479157 0.560472 0.568373
1 0.583029 0.485766 0.615130 0.550199
1 0.618602 0.454375 0.753948 0.535330
1 0.286309 0.479157 0.458963 0.550199
2 0.609925 0.603068 0.632483 0.639414
9 0.642027 0.695588 0.669790 0.756717
