0 0.255395 0.532556 0.282565 0.600911
0 0.322931 0.532556 0.350101 0.606272
0 0.385033 0.511111 0.411426 0.599571
0 0.585313 0.501730 0.614811 0.607612
0 0.630337 0.493688 0.652073 0.599571
0 0.641981 0.769788 0.663717 0.872990
0 0.594629 0.768447 0.630337 0.878351
0 0.569787 0.740301 0.598509 0.847525
0 0.367179 0.755045 0.389691 0.860927
0 0.332247 0.763087 0.356312 0.858248
0 0.296538 0.757725 0.320603 0.846185
1 0.295761 0.673287 0.388138 0.756385
1 0.607049 0.686690 0.675361 0.771128
1 0.590746 0.596890 0.654401 0.682670
1 0.560473 0.622355 0.591523 0.679988
1 0.394348 0.670606 0.576774 0.744322
2 0.402888 0.641120 0.417637 0.675968
3 0.396678 0.726899 0.413756 0.796594
3 0.424623 0.720197 0.440149 0.780510
3 0.476633 0.728239 0.489831 0.785872
3 0.505356 0.725558 0.514671 0.777829
3 0.527092 0.722878 0.540288 0.787212
3 0.556591 0.730919 0.567459 0.797934
5 0.430834 0.594209 0.442478 0.629057
5 0.458004 0.604932 0.470424 0.634418
5 0.492160 0.603592 0.504580 0.630398
5 0.529421 0.610293 0.540289 0.635759
5 0.555038 0.600911 0.565906 0.629057
