3 0.290446 0.427710 0.312004 0.504108
3 0.327887 0.455135 0.348309 0.517819
3 0.432266 0.400286 0.450419 0.513902
3 0.474246 0.449259 0.491264 0.515861
3 0.504879 0.457094 0.520763 0.513902
3 0.536646 0.402245 0.553664 0.513902
3 0.563875 0.415958 0.583163 0.504108
3 0.594508 0.398328 0.612662 0.482560
1 0.228046 0.598135 0.373270 0.698038
1 0.288177 0.500190 0.358521 0.574628
1 0.383481 0.509984 0.523031 0.576586
1 0.557069 0.472766 0.717041 0.545245
2 0.579759 0.602052 0.595643 0.633394
2 0.659179 0.580504 0.692081 0.604011
2 0.353982 0.531532 0.383482 0.580504
2 0.534377 0.515861 0.553665 0.560915
4 0.614931 0.602052 0.654641 0.645148
5 0.576356 0.639270 0.595643 0.682366
5 0.652371 0.627518 0.670525 0.668655
5 0.542319 0.633394 0.560473 0.678448
5 0.608124 0.627518 0.621738 0.674531
