8 0.453540 0.546465 0.486726 0.635594
8 0.331858 0.546465 0.363200 0.629227
8 0.223082 0.492351 0.259033 0.581480
8 0.726401 0.522590 0.765119 0.589438
8 0.363200 0.688117 0.392700 0.797937
8 0.529130 0.556014 0.555862 0.657876
4 0.646202 0.595805 0.679388 0.653102
4 0.697825 0.649918 0.724557 0.705624
4 0.414823 0.672201 0.434181 0.718357
3 0.568769 0.579888 0.584440 0.630819
2 0.560473 0.634002 0.585361 0.673792
2 0.620391 0.589437 0.652655 0.649918
5 0.274705 0.707215 0.312501 0.743823
5 0.481194 0.697666 0.499632 0.739048
5 0.505162 0.697666 0.523599 0.743822
5 0.538348 0.710398 0.548488 0.747005
5 0.426807 0.702441 0.446165 0.743823
5 0.294063 0.535323 0.309734 0.565563
5 0.249816 0.546465 0.270096 0.575113
5 0.671091 0.713582 0.692293 0.753372
5 0.730088 0.696075 0.753134 0.718357
5 0.597345 0.721540 0.623157 0.766104
5 0.235067 0.632410 0.262721 0.673792
5 0.613938 0.570339 0.644358 0.598988
4 0.713495 0.578296 0.727322 0.602170
9 0.706121 0.719948 0.726401 0.748597
9 0.756822 0.669018 0.771570 0.688117
9 0.247971 0.692891 0.266408 0.713583
