13 0.263218 0.720564 0.088496 0.127328
13 0.604152 0.794023 0.021557 0.050931
13 0.686975 0.783249 0.062401 0.072479
3 0.346040 0.489416 0.018153 0.072479
3 0.402768 0.495292 0.018153 0.092068
3 0.431700 0.508025 0.017018 0.062684
3 0.466304 0.502149 0.024960 0.070520
3 0.503177 0.509005 0.019287 0.068561
3 0.536079 0.506066 0.019287 0.078355
3 0.570683 0.497251 0.013615 0.080314
3 0.597345 0.514881 0.017018 0.041137
3 0.370433 0.727421 0.014749 0.050931
3 0.434536 0.748968 0.018153 0.062684
10 0.369299 0.792064 0.021557 0.039178
10 0.433401 0.787167 0.024960 0.045054
1 0.461765 0.685304 0.222373 0.095985
1 0.511119 0.567771 0.377808 0.072479
