3 0.409292 0.451765 0.020280 0.119370
3 0.444782 0.482801 0.015671 0.085946
3 0.546645 0.482801 0.011062 0.117778
3 0.575221 0.485984 0.016593 0.114595
3 0.368732 0.733477 0.018437 0.077988
3 0.396847 0.727111 0.017515 0.077988
3 0.425885 0.711195 0.033186 0.100270
3 0.486265 0.704828 0.021202 0.081171
1 0.331858 0.635594 0.176991 0.108228
1 0.416206 0.543281 0.028577 0.070030
1 0.579369 0.567155 0.299594 0.101862
2 0.500092 0.649122 0.017515 0.033423
2 0.432338 0.637185 0.022124 0.031832
7 0.400535 0.779633 0.034108 0.030240
5 0.672013 0.505879 0.018437 0.046156
5 0.725018 0.509062 0.017515 0.046156
5 0.460454 0.505879 0.023046 0.036607
5 0.302821 0.692095 0.023046 0.030240
5 0.594119 0.509062 0.023046 0.039790
