0 0.315634 0.336729 0.348082 0.426707
0 0.387413 0.396148 0.413963 0.477638
0 0.574238 0.414823 0.595870 0.501406
0 0.594886 0.409730 0.621435 0.504802
0 0.626351 0.672873 0.663717 0.754363
0 0.583088 0.677966 0.607670 0.774736
0 0.306785 0.644013 0.331367 0.747573
0 0.361848 0.654199 0.385447 0.740782
3 0.556539 0.672874 0.570305 0.779828
3 0.391347 0.669478 0.412979 0.757758
3 0.420845 0.375776 0.438545 0.503104
3 0.443462 0.423311 0.461161 0.481033
3 0.469027 0.430102 0.484760 0.491219
3 0.496559 0.438591 0.509342 0.492917
3 0.554573 0.355404 0.566371 0.489522
3 0.639135 0.387659 0.651918 0.496312
3 0.678467 0.397846 0.690265 0.492918
1 0.303835 0.564221 0.398230 0.654199
1 0.396264 0.599872 0.424779 0.662687
1 0.550640 0.589686 0.661751 0.669478
1 0.413963 0.504801 0.572272 0.586291
1 0.575221 0.494615 0.716815 0.586291
2 0.520158 0.611757 0.535891 0.654200
2 0.468044 0.616850 0.477876 0.650804
