2 0.296328 0.393817 0.333685 0.432795
2 0.365404 0.438172 0.388664 0.483872
2 0.397827 0.427419 0.417563 0.493279
2 0.416859 0.462365 0.438003 0.514784
2 0.445756 0.489248 0.464788 0.529570
2 0.543025 0.490591 0.557122 0.543010
2 0.604348 0.481183 0.616330 0.528226
2 0.616331 0.458334 0.642409 0.537635
2 0.643114 0.467743 0.659326 0.518818
2 0.658621 0.469087 0.676947 0.517474
2 0.669898 0.427419 0.726286 0.505377
2 0.712190 0.426076 0.737564 0.473118
2 0.747432 0.415322 0.767872 0.461022
2 0.712894 0.463710 0.777740 0.555108
2 0.675537 0.512096 0.715009 0.583333
2 0.611396 0.615592 0.633952 0.650538
2 0.378797 0.533602 0.409809 0.571236
2 0.373157 0.506720 0.392188 0.568548
2 0.330866 0.466398 0.378796 0.551076
2 0.282232 0.428764 0.333686 0.510753
4 0.700206 0.407258 0.724171 0.454302
3 0.368223 0.283602 0.399941 0.442204
3 0.402057 0.307795 0.423202 0.440860
3 0.614216 0.340054 0.643115 0.463710
