4 0.421513 0.462030 0.452350 0.542675
4 0.288472 0.535955 0.354552 0.609880
4 0.734289 0.527554 0.768651 0.586358
8 0.696404 0.290659 0.744862 0.421707
9 0.267326 0.604839 0.324595 0.667003
9 0.727241 0.584678 0.760721 0.631721
9 0.666447 0.611559 0.699047 0.660282
5 0.308737 0.614919 0.347504 0.670363
5 0.565126 0.655242 0.586271 0.717406
5 0.617109 0.618279 0.638254 0.688844
5 0.592438 0.630040 0.608298 0.690524
5 0.697284 0.594758 0.735170 0.651882
5 0.642659 0.366263 0.669091 0.453629
5 0.479663 0.658602 0.496403 0.727486
5 0.371292 0.623320 0.399486 0.693885
5 0.566006 0.418347 0.580984 0.477151
5 0.536931 0.406587 0.562482 0.485551
5 0.505213 0.414986 0.525477 0.488911
5 0.479662 0.411626 0.497283 0.488911
5 0.450588 0.413306 0.467328 0.490592
