2 0.262658 0.331615 0.279440 0.364652
2 0.693127 0.354139 0.707719 0.390179
2 0.311542 0.487787 0.321027 0.525329
0 0.269954 0.343628 0.294032 0.400691
0 0.347293 0.405197 0.366992 0.453250
0 0.448709 0.406698 0.471327 0.474272
0 0.463301 0.430724 0.480082 0.468266
0 0.492485 0.427721 0.507077 0.474273
0 0.526046 0.429223 0.539180 0.472771
0 0.531884 0.405195 0.547206 0.456253
0 0.601926 0.411202 0.623084 0.462259
0 0.618707 0.406698 0.659565 0.450246
0 0.709179 0.355641 0.736904 0.390179
0 0.692397 0.432226 0.730337 0.504306
0 0.639136 0.471269 0.678535 0.510312
0 0.610681 0.486285 0.638406 0.552358
0 0.601927 0.502804 0.614329 0.547854
0 0.461112 0.535841 0.474244 0.570379
0 0.418065 0.504306 0.437035 0.552358
0 0.399095 0.492293 0.410769 0.535841
0 0.367722 0.492292 0.400554 0.556863
0 0.332701 0.471269 0.365533 0.558365
0 0.286006 0.427721 0.313001 0.493795
3 0.706989 0.505807 0.752225 0.618432
3 0.626733 0.552358 0.650809 0.681501
3 0.310083 0.538844 0.355319 0.690512
