8 0.237192 0.503360 0.043595 0.095430
8 0.282343 0.519489 0.049822 0.114247
8 0.317375 0.475806 0.035810 0.145161
8 0.669635 0.508065 0.042816 0.115591
8 0.713618 0.491935 0.060721 0.075269
8 0.739697 0.488575 0.056829 0.108871
8 0.686372 0.504704 0.031139 0.079301
7 0.278840 0.459677 0.041259 0.069892
7 0.314650 0.415995 0.041259 0.060484
4 0.383156 0.575941 0.027247 0.055108
4 0.402618 0.577285 0.025690 0.041667
4 0.748261 0.602823 0.038145 0.055108
9 0.727631 0.651882 0.045152 0.056452
4 0.337615 0.629704 0.023354 0.055108
5 0.424804 0.721774 0.029582 0.091398
