6 0.728228 0.366005 0.795732 0.491625
6 0.230498 0.361352 0.315893 0.504032
12 0.442858 0.652362 0.595407 0.715726
12 0.467024 0.590437 0.587100 0.642281
2 0.547829 0.584677 0.563689 0.639401
2 0.559157 0.596198 0.576526 0.633640
2 0.633922 0.571716 0.655066 0.622119
2 0.650536 0.568837 0.670172 0.606279
2 0.378666 0.554435 0.394525 0.616359
2 0.390749 0.560196 0.414915 0.612040
2 0.363563 0.541475 0.379421 0.607719
2 0.661864 0.639401 0.713217 0.715726
2 0.637698 0.649482 0.662618 0.702765
2 0.373379 0.637961 0.399811 0.701325
2 0.687458 0.559210 0.716394 0.609083
4 0.667723 0.570931 0.685985 0.608505
