1 0.507765 0.512223 0.097798 0.104587
1 0.363381 0.512223 0.066740 0.104587
3 0.348513 0.441028 0.027753 0.080645
3 0.378910 0.436618 0.021145 0.076865
3 0.474395 0.429687 0.036344 0.093246
3 0.526598 0.419607 0.025771 0.078125
3 0.611180 0.424647 0.033701 0.136089
3 0.636290 0.451739 0.025771 0.097026
10 0.377930 0.405242 0.025903 0.040323
10 0.349119 0.406250 0.026432 0.058468
2 0.605244 0.528226 0.031190 0.080645
2 0.634319 0.520161 0.026960 0.046371
2 0.580398 0.515625 0.019560 0.047379
2 0.673438 0.524194 0.028018 0.060484
2 0.696433 0.537298 0.035947 0.074597
4 0.690883 0.505040 0.021674 0.034274
2 0.236255 0.592742 0.042820 0.114919
2 0.359163 0.620464 0.022203 0.043347
2 0.328767 0.528226 0.022731 0.054435
2 0.454847 0.523690 0.020088 0.035282
