7 0.175579 0.650468 0.214913 0.714135
8 0.240112 0.657894 0.285591 0.702461
8 0.260393 0.674873 0.309559 0.720501
8 0.292351 0.683362 0.358725 0.772496
8 0.650040 0.672750 0.709040 0.738540
8 0.299111 0.504032 0.340903 0.609083
8 0.289277 0.535865 0.323694 0.629245
9 0.201392 0.638794 0.247486 0.689728
9 0.745915 0.647283 0.782790 0.696095
4 0.736696 0.622877 0.775415 0.680179
4 0.764352 0.543293 0.799384 0.609083
4 0.730550 0.565577 0.764967 0.628183
4 0.677082 0.570883 0.717644 0.641977
4 0.586122 0.598472 0.602101 0.664262
4 0.408507 0.576188 0.450299 0.651528
4 0.372862 0.582556 0.415268 0.644100
4 0.281903 0.583616 0.307101 0.632428
4 0.216142 0.540110 0.257319 0.621816
4 0.253632 0.567700 0.284361 0.632428
4 0.415882 0.672751 0.428174 0.728989
4 0.617466 0.667445 0.643280 0.739601
4 0.415268 0.712012 0.452143 0.753396
4 0.684457 0.636673 0.737926 0.692912
