13 0.618522 0.326613 0.737630 0.516129
13 0.504087 0.233871 0.592833 0.447581
13 0.388484 0.213710 0.467888 0.463710
13 0.257700 0.310484 0.376806 0.500000
13 0.602175 0.758065 0.739965 0.883065
13 0.251861 0.719758 0.366297 0.824596
12 0.414984 0.630601 0.567435 0.700045
2 0.291726 0.520833 0.341678 0.577957
2 0.300808 0.593638 0.346218 0.653002
2 0.350760 0.607078 0.385792 0.656361
2 0.381899 0.617159 0.422119 0.666442
2 0.241774 0.566756 0.299511 0.630600
2 0.652419 0.527554 0.694586 0.580197
2 0.643986 0.600359 0.688748 0.647401
2 0.605710 0.608200 0.642039 0.660842
