2 0.343304 0.569052 0.035947 0.063508
2 0.307357 0.615927 0.037005 0.066532
2 0.355727 0.660282 0.041762 0.084677
2 0.402247 0.701613 0.024846 0.034274
2 0.615552 0.693044 0.028546 0.041331
2 0.584362 0.707157 0.027489 0.049395
2 0.688768 0.644153 0.062908 0.070565
2 0.728416 0.605847 0.031190 0.038306
2 0.588856 0.520665 0.029075 0.037298
2 0.448767 0.536794 0.022731 0.031250
2 0.427622 0.572581 0.033304 0.052419
2 0.401719 0.580141 0.032247 0.065524
3 0.403040 0.504032 0.031718 0.100806
1 0.652028 0.566028 0.123701 0.083669
