4 0.278965 0.502592 0.014457 0.035522
5 0.272015 0.499232 0.023910 0.086406
5 0.695171 0.702285 0.035031 0.047043
5 0.729925 0.663882 0.028915 0.041283
5 0.307046 0.706125 0.039480 0.047043
5 0.360983 0.720046 0.027247 0.049923
5 0.501943 0.567876 0.017794 0.052803
5 0.468023 0.571237 0.017794 0.053763
10 0.600364 0.819892 0.023354 0.053763
9 0.674319 0.737807 0.034475 0.031682
3 0.627333 0.545795 0.016126 0.106567
3 0.456068 0.546755 0.012789 0.110407
3 0.601198 0.752688 0.016126 0.107527
5 0.642068 0.541955 0.023354 0.073925
5 0.306768 0.507392 0.023354 0.081605
5 0.703512 0.485791 0.033919 0.078725
2 0.297315 0.633161 0.043372 0.062404
2 0.352642 0.662922 0.043928 0.060484
2 0.385449 0.673963 0.048377 0.051843
2 0.415198 0.684524 0.028915 0.044163
2 0.602588 0.691724 0.025578 0.048963
2 0.688221 0.643241 0.040036 0.090246
2 0.649019 0.670123 0.051713 0.051843
2 0.662086 0.607239 0.040036 0.050883
2 0.628445 0.616359 0.028359 0.055684
2 0.598974 0.613479 0.037256 0.071045
2 0.546427 0.623080 0.016682 0.065284
2 0.530023 0.626920 0.019462 0.046083
2 0.512786 0.628840 0.019462 0.048003
2 0.495826 0.630760 0.022242 0.042243
2 0.471916 0.626440 0.017794 0.031682
2 0.320947 0.587558 0.027247 0.030722
