2 0.697609 0.490591 0.035476 0.051075
2 0.746064 0.474462 0.044128 0.069892
2 0.664296 0.508065 0.055377 0.069892
2 0.523691 0.524866 0.035476 0.065860
2 0.476967 0.536962 0.023362 0.068548
2 0.459229 0.538978 0.027688 0.064516
2 0.385682 0.520833 0.029419 0.057796
2 0.365348 0.527554 0.032015 0.049731
2 0.321652 0.504032 0.050185 0.056452
2 0.268871 0.475806 0.050185 0.059140
2 0.775050 0.516801 0.050185 0.052419
3 0.685063 0.403226 0.046724 0.145161
3 0.652615 0.409274 0.052781 0.141129
3 0.743468 0.639785 0.077008 0.120968
3 0.657374 0.698925 0.039802 0.147849
12 0.540564 0.590726 0.423979 0.138441
5 0.303482 0.428763 0.031149 0.094086
5 0.717510 0.430108 0.028554 0.064516
