1 0.541258 0.638795 0.705967 0.735357
10 0.535726 0.788413 0.568914 0.849958
7 0.372862 0.761884 0.405434 0.821307
0 0.281288 0.673812 0.322466 0.795840
0 0.665405 0.701400 0.704124 0.827674
5 0.573831 0.490237 0.606403 0.557088
5 0.313247 0.469015 0.363643 0.544355
5 0.458289 0.709889 0.479799 0.785229
3 0.539414 0.722623 0.568914 0.819185
3 0.407893 0.714135 0.437393 0.838285
3 0.374705 0.701401 0.408507 0.787351
3 0.543102 0.442487 0.573831 0.546477
3 0.490862 0.461587 0.517289 0.563455
3 0.460133 0.475382 0.481643 0.564516
3 0.430018 0.488116 0.453372 0.569822
1 0.273913 0.610144 0.450913 0.728990
1 0.281903 0.531621 0.680769 0.647283
