1 0 0.329342 0.482526 0.361267 0.532257
2 0 0.531776 0.463709 0.546287 0.508065
3 0 0.541207 0.466398 0.554993 0.506721
4 0 0.562975 0.470430 0.570956 0.516130
5 0 0.584742 0.463709 0.599252 0.514784
6 0 0.597802 0.462366 0.615941 0.524194
7 0 0.650768 0.500000 0.686321 0.533602
8 0 0.626099 0.502687 0.647140 0.543011
9 0 0.673986 0.551075 0.703734 0.579301
10 0 0.322813 0.544355 0.372877 0.590054
11 2 0.345305 0.607527 0.364170 0.630376
12 4 0.365621 0.434140 0.450511 0.526882
13 3 0.602880 0.338710 0.626098 0.466398
