6 0.749899 0.756048 0.071190 0.208333
6 0.295976 0.389785 0.074009 0.155914
6 0.750604 0.299731 0.100793 0.180108
6 0.255448 0.657930 0.090221 0.119624
7 0.374567 0.427419 0.025375 0.067204
3 0.342144 0.452957 0.040881 0.120968
3 0.377739 0.481855 0.023260 0.087366
3 0.403466 0.471774 0.032423 0.104839
3 0.657916 0.422715 0.050749 0.100806
3 0.684700 0.738575 0.076124 0.135753
3 0.347430 0.732527 0.064141 0.096774
4 0.475713 0.578629 0.019031 0.071237
2 0.317122 0.641129 0.051454 0.059140
2 0.673775 0.505376 0.058502 0.077957
2 0.528576 0.575941 0.024670 0.044355
2 0.503554 0.586022 0.011278 0.061828
2 0.491924 0.577957 0.021850 0.083333
2 0.409105 0.569892 0.028194 0.064516
2 0.376682 0.557796 0.022555 0.069892
2 0.342496 0.540323 0.059912 0.061828
2 0.298796 0.509409 0.054273 0.083333
4 0.326637 0.530242 0.021145 0.084677
12 0.550427 0.651882 0.415156 0.115591
