7 0.216529 0.709426 0.264697 0.791330
9 0.236234 0.661542 0.277104 0.727066
3 0.266156 0.432208 0.315054 0.554436
3 0.441313 0.470010 0.470506 0.588458
3 0.512106 0.472531 0.546408 0.575858
3 0.554435 0.483872 0.579979 0.598539
3 0.591657 0.468750 0.618659 0.592238
3 0.609902 0.471270 0.638365 0.578377
3 0.642744 0.475050 0.675586 0.577117
3 0.671937 0.435988 0.717916 0.563256
3 0.720835 0.423388 0.759515 0.504032
3 0.222367 0.640120 0.277104 0.747228
2 0.250831 0.538054 0.309946 0.625000
2 0.307756 0.563256 0.346436 0.638860
2 0.436934 0.570817 0.461018 0.647682
2 0.463208 0.561995 0.497510 0.607359
2 0.496780 0.599799 0.520134 0.652722
2 0.513566 0.560736 0.536920 0.645161
2 0.531081 0.580897 0.547867 0.647681
2 0.544948 0.590978 0.574870 0.657762
2 0.579979 0.577117 0.615740 0.656502
2 0.613551 0.578377 0.660259 0.646421
2 0.645663 0.567037 0.695291 0.643902
2 0.678505 0.543095 0.741999 0.621220
2 0.721565 0.492692 0.777031 0.568296
2 0.250101 0.602319 0.310676 0.698085
2 0.366142 0.638861 0.404092 0.689264
2 0.430366 0.659022 0.454450 0.710685
2 0.469047 0.664062 0.484373 0.708166
2 0.512836 0.671623 0.530352 0.715726
2 0.477804 0.671623 0.493860 0.706905
2 0.504078 0.672883 0.512106 0.713205
2 0.528892 0.666583 0.542029 0.714465
2 0.534730 0.656502 0.558084 0.713206
5 0.271995 0.674143 0.304837 0.732107
