4 0.307778 0.433468 0.422832 0.515552
4 0.465589 0.434908 0.561207 0.495392
4 0.575201 0.421947 0.722905 0.486751
3 0.410394 0.308180 0.430606 0.440668
3 0.470253 0.322581 0.485801 0.436347
3 0.681704 0.328341 0.713577 0.429147
7 0.618735 0.290899 0.636615 0.324021
7 0.687922 0.298099 0.715132 0.335541
3 0.644389 0.578917 0.694919 0.684044
0 0.635060 0.516993 0.677816 0.576037
2 0.693364 0.406106 0.726014 0.424827
2 0.675484 0.535714 0.687922 0.564516
2 0.438379 0.567396 0.447709 0.599078
5 0.677745 0.574596 0.697093 0.613800
5 0.349427 0.402106 0.358497 0.449148
