4 0.261879 0.590978 0.060878 0.070565
4 0.728059 0.535534 0.021837 0.070565
2 0.313493 0.616809 0.041027 0.069304
2 0.310846 0.561996 0.035733 0.052923
2 0.367423 0.602949 0.027130 0.071825
2 0.385620 0.590978 0.017205 0.052923
2 0.402163 0.591608 0.022498 0.064264
2 0.418044 0.596648 0.026469 0.054183
2 0.443189 0.614919 0.018528 0.055444
2 0.459071 0.612399 0.018528 0.052923
2 0.493149 0.619960 0.011249 0.060484
2 0.508038 0.618070 0.015881 0.036542
2 0.705230 0.628780 0.034409 0.042843
1 0.656924 0.592868 0.165430 0.076865
3 0.711847 0.509703 0.042350 0.099546
3 0.644021 0.528604 0.024484 0.079385
3 0.612589 0.522303 0.039703 0.079385
3 0.425323 0.512853 0.021175 0.128528
3 0.366099 0.523564 0.020513 0.122228
5 0.704899 0.711946 0.046982 0.052923
5 0.313493 0.683594 0.042350 0.049143
5 0.328381 0.524824 0.033748 0.066784
