4 0.401510 0.527218 0.422530 0.587702
7 0.575500 0.801411 0.607612 0.869959
1 0.431287 0.533266 0.581923 0.643146
1 0.247957 0.582661 0.652569 0.753024
9 0.263721 0.645161 0.283571 0.699596
3 0.373485 0.714718 0.400342 0.815524
3 0.405014 0.714718 0.435958 0.829636
3 0.542220 0.750000 0.568494 0.833669
3 0.575499 0.756049 0.597102 0.832662
3 0.601773 0.727823 0.630966 0.825605
3 0.495512 0.494959 0.518866 0.572580
3 0.461064 0.491935 0.489673 0.566532
3 0.524120 0.506049 0.546307 0.580646
4 0.616953 0.711693 0.636804 0.752017
