1 0.649583 0.686670 0.050830 0.109108
2 0.689079 0.651684 0.032284 0.036765
2 0.735101 0.622035 0.055638 0.081831
2 0.380322 0.589421 0.038466 0.059298
2 0.345634 0.574597 0.037779 0.067600
2 0.324684 0.567481 0.026102 0.055740
2 0.640997 0.585270 0.032284 0.053368
2 0.606996 0.585270 0.037092 0.058112
2 0.733384 0.568074 0.050830 0.073529
2 0.520448 0.680740 0.019233 0.056926
2 0.484730 0.670659 0.019233 0.055740
3 0.487477 0.748340 0.020607 0.099620
3 0.520791 0.748933 0.018546 0.096063
3 0.651300 0.752491 0.030910 0.103178
3 0.378262 0.506997 0.024728 0.117410
3 0.349756 0.491580 0.030910 0.117410
