9 0.652633 0.716206 0.682105 0.757489
5 0.674319 0.699885 0.716023 0.742128
5 0.665979 0.519393 0.686553 0.578917
5 0.621494 0.544355 0.640400 0.597158
5 0.628167 0.718127 0.653189 0.769010
3 0.640956 0.709485 0.703790 0.798771
3 0.586462 0.510753 0.614266 0.603879
3 0.553655 0.502112 0.586462 0.625960
3 0.533081 0.547235 0.562553 0.617319
3 0.441333 0.509793 0.463575 0.602919
3 0.414086 0.503073 0.440777 0.608680
3 0.385728 0.505952 0.412975 0.601958
10 0.531414 0.520354 0.556992 0.567396
2 0.590355 0.596199 0.615933 0.649002
2 0.377387 0.584677 0.400185 0.649001
4 0.637620 0.583717 0.650408 0.619239
1 0.620938 0.668203 0.684328 0.724847
1 0.420759 0.675883 0.590355 0.762289
3 0.556992 0.736367 0.577566 0.828533
5 0.571450 0.728686 0.595916 0.777649
2 0.535862 0.619240 0.561440 0.666282
2 0.560328 0.616359 0.582014 0.667242
