1 0 0.325659 0.485311 0.372302 0.542915
2 0 0.557321 0.534274 0.580643 0.586118
3 0 0.591526 0.527074 0.615626 0.583238
4 0 0.629618 0.514113 0.669265 0.576037
5 0 0.581421 0.519873 0.592303 0.577477
6 0 0.687145 0.407546 0.698028 0.446428
7 0 0.692587 0.423388 0.720573 0.472351
8 0 0.477249 0.463710 0.504459 0.531394
9 0 0.467921 0.459389 0.480359 0.521313
10 3 0.484245 0.295219 0.501348 0.463709
11 2 0.284457 0.342742 0.317107 0.433468
12 2 0.520007 0.453629 0.531667 0.508353
13 2 0.531667 0.449308 0.554989 0.498271
14 2 0.556544 0.460830 0.570537 0.502592
15 2 0.310111 0.492511 0.317108 0.522753
16 2 0.580136 0.557537 0.591438 0.592431
17 8 0.320405 0.320340 0.365753 0.427868
18 7 0.314358 0.271058 0.355473 0.324821
19 7 0.487285 0.673162 0.518121 0.744847
20 2 0.497563 0.548836 0.511470 0.596998
21 2 0.547748 0.546595 0.564678 0.603719
