3 0.749080 0.678763 0.089525 0.082885
3 0.650797 0.497872 0.031788 0.115367
4 0.715021 0.519153 0.022706 0.032482
2 0.560624 0.669243 0.016218 0.050403
2 0.546352 0.672603 0.014921 0.032482
2 0.280373 0.611559 0.042167 0.085125
2 0.248261 0.516353 0.042816 0.058244
2 0.348489 0.563956 0.024003 0.048163
2 0.453908 0.580197 0.019462 0.051523
2 0.469153 0.577957 0.020111 0.035842
2 0.488615 0.602599 0.021408 0.049283
2 0.507752 0.604839 0.024652 0.051523
2 0.530133 0.589158 0.014921 0.062724
2 0.549595 0.588598 0.031788 0.052643
2 0.579113 0.591958 0.015570 0.052643
2 0.566690 0.587745 0.012693 0.063990
2 0.621775 0.587307 0.036554 0.059607
2 0.655537 0.571529 0.030970 0.049088
2 0.711385 0.619741 0.050262 0.084151
2 0.686507 0.645161 0.024877 0.033310
