6 0.198149 0.654234 0.093040 0.151210
6 0.827226 0.589718 0.065551 0.211694
6 0.773834 0.343750 0.075066 0.155242
7 0.316769 0.743952 0.046520 0.106183
7 0.287166 0.733871 0.047930 0.083333
7 0.248399 0.734543 0.045110 0.055108
9 0.261791 0.669355 0.028194 0.045699
8 0.641352 0.688844 0.040176 0.092742
8 0.358355 0.678091 0.054978 0.186828
8 0.326637 0.667339 0.031013 0.168011
8 0.293157 0.674059 0.031718 0.130376
4 0.287166 0.604839 0.021145 0.034946
5 0.638180 0.487231 0.050749 0.076613
5 0.687167 0.469758 0.035947 0.065860
5 0.586374 0.641801 0.038767 0.073925
