1 8 0.262804 0.342742 0.293780 0.441998
2 0 0.301315 0.407879 0.334803 0.488523
3 0 0.678051 0.434243 0.719910 0.483871
4 0 0.660470 0.521092 0.700654 0.573822
5 0 0.519638 0.562500 0.527801 0.601815
6 0 0.505489 0.559476 0.511475 0.594758
7 0 0.498415 0.561492 0.510387 0.592742
8 0 0.485354 0.560484 0.493517 0.595766
9 0 0.477737 0.553427 0.488075 0.596774
10 0 0.334075 0.533266 0.383051 0.572581
11 0 0.300336 0.506048 0.336796 0.563508
12 2 0.317749 0.543346 0.329177 0.592742
13 2 0.332442 0.554436 0.348224 0.590726
14 2 0.478839 0.444939 0.487471 0.467186
15 3 0.295557 0.281451 0.325595 0.404033
16 3 0.327337 0.292742 0.367387 0.436290
17 3 0.423546 0.267742 0.452714 0.457258
18 3 0.459679 0.342742 0.473610 0.456452
19 3 0.487106 0.379032 0.497554 0.463709
20 3 0.519756 0.319355 0.535864 0.462903
21 3 0.597681 0.324194 0.619449 0.443549
22 4 0.333867 0.439516 0.538911 0.529570
