13 0.245941 0.749361 0.366883 0.830613
13 0.652597 0.715739 0.857954 0.868437
12 0.759740 0.676513 0.810876 0.718541
12 0.708604 0.736752 0.758929 0.812401
12 0.310877 0.547630 0.717533 0.630283
2 0.411526 0.668108 0.436688 0.717140
2 0.677760 0.596662 0.710228 0.631686
2 0.369318 0.567243 0.387176 0.598063
2 0.403409 0.565842 0.418831 0.595261
2 0.477273 0.570045 0.491883 0.599465
2 0.607954 0.579851 0.624188 0.613473
12 0.375000 0.457973 0.391234 0.495797
12 0.468344 0.473384 0.491072 0.509807
12 0.538961 0.462175 0.556006 0.504202
12 0.622565 0.443964 0.634741 0.501401
12 0.571429 0.438360 0.592533 0.515410
3 0.377435 0.476185 0.402597 0.554636
3 0.409903 0.424351 0.426947 0.550432
3 0.611202 0.477585 0.620131 0.567243
3 0.672078 0.487392 0.686688 0.579852
3 0.684253 0.459374 0.698863 0.577050
3 0.702110 0.446765 0.712662 0.560238
