3 0.363636 0.476876 0.012987 0.113516
3 0.547484 0.490190 0.017045 0.112114
3 0.633523 0.475475 0.012175 0.096699
3 0.672890 0.455855 0.011364 0.093896
2 0.219562 0.564466 0.043019 0.064466
2 0.338068 0.634537 0.025162 0.036437
2 0.376218 0.641544 0.023539 0.039240
2 0.781250 0.580582 0.073864 0.082684
4 0.630276 0.663267 0.033279 0.049050
4 0.669643 0.644347 0.025974 0.050452
4 0.329545 0.670274 0.029221 0.043444
4 0.418831 0.666770 0.025974 0.067269
4 0.450893 0.676580 0.013799 0.030831
4 0.595373 0.670274 0.028409 0.060262
4 0.206981 0.590392 0.035714 0.046247
4 0.568182 0.708813 0.009740 0.039240
2 0.555601 0.697602 0.021916 0.078480
12 0.511364 0.668872 0.186688 0.029430
13 0.289773 0.301698 0.064935 0.163967
13 0.414367 0.254049 0.072240 0.228433
13 0.518669 0.387185 0.097403 0.057459
13 0.605114 0.253348 0.070617 0.249455
13 0.735795 0.328325 0.052760 0.175179
13 0.762175 0.806213 0.107143 0.102304
13 0.220779 0.755060 0.107143 0.072874
1 0.507305 0.551853 0.469156 0.100903
