6 0.207793 0.603560 0.271916 0.801405
2 0.305195 0.591194 0.344967 0.674660
2 0.488637 0.680843 0.503247 0.705574
2 0.516234 0.680843 0.530032 0.714848
8 0.378246 0.691663 0.396103 0.758126
7 0.375812 0.751943 0.388798 0.787493
1 0.423701 0.629835 0.446429 0.717939
4 0.477273 0.653021 0.482955 0.676206
4 0.491071 0.640656 0.497565 0.673115
4 0.515423 0.660749 0.522727 0.679297
4 0.544644 0.634472 0.561689 0.657658
4 0.572241 0.639109 0.586039 0.668477
4 0.566559 0.668477 0.573863 0.696299
4 0.540585 0.665386 0.543832 0.693208
4 0.592532 0.682388 0.599026 0.705573
4 0.594155 0.645292 0.612012 0.671568
4 0.609578 0.705573 0.620130 0.727212
