4 0.209416 0.558860 0.051948 0.056057
4 0.295455 0.579181 0.009740 0.021021
4 0.333198 0.567269 0.013799 0.022423
4 0.254058 0.573575 0.019481 0.021021
4 0.662338 0.602304 0.027597 0.061663
4 0.704545 0.585487 0.034091 0.050452
4 0.339286 0.654157 0.017857 0.047649
7 0.707792 0.794300 0.019481 0.042043
7 0.736607 0.763469 0.026786 0.042043
8 0.201673 0.656816 0.063686 0.078696
8 0.184191 0.615312 0.049950 0.068994
2 0.253184 0.600220 0.024351 0.047433
2 0.314061 0.598603 0.056194 0.037731
2 0.686813 0.657894 0.052448 0.078696
3 0.695554 0.757612 0.027473 0.094866
3 0.721154 0.728505 0.037463 0.066837
