13 0.162247 0.685864 0.292283 0.761780
13 0.641857 0.730366 0.813265 0.799738
13 0.255130 0.251308 0.333657 0.414921
13 0.366588 0.153142 0.424006 0.383508
13 0.500845 0.157068 0.556573 0.396597
13 0.589504 0.226439 0.694207 0.425392
3 0.502533 0.400524 0.524487 0.523560
3 0.554040 0.397906 0.582750 0.522252
3 0.264417 0.620418 0.297349 0.712041
3 0.234020 0.600786 0.272862 0.712043
2 0.571773 0.528795 0.599638 0.582461
4 0.510977 0.543194 0.532087 0.595550
12 0.217133 0.434554 0.763448 0.595549
12 0.189268 0.531413 0.794689 0.672775
