13 0.301987 0.321989 0.383719 0.472513
13 0.400571 0.221204 0.454499 0.426702
13 0.521909 0.219896 0.570779 0.445026
13 0.614595 0.329843 0.690431 0.503927
13 0.589317 0.774869 0.727505 0.892671
13 0.623021 0.714660 0.757839 0.819372
13 0.192446 0.722513 0.342431 0.784031
13 0.178966 0.787957 0.329793 0.844241
2 0.279235 0.517016 0.311254 0.556283
2 0.323894 0.531414 0.346644 0.565445
2 0.562353 0.566754 0.580048 0.609948
2 0.633975 0.554974 0.659253 0.596858
2 0.673578 0.543193 0.707282 0.575917
2 0.617966 0.645288 0.650828 0.672775
2 0.676106 0.616492 0.701384 0.647906
2 0.342432 0.621727 0.366868 0.663612
2 0.283448 0.607329 0.320523 0.651832
12 0.440175 0.658377 0.545501 0.698953
