1 8 0.287879 0.480824 0.313725 0.540838
2 7 0.282531 0.385416 0.314617 0.451586
3 4 0.345811 0.505445 0.358937 0.533144
4 4 0.358127 0.505660 0.371091 0.533639
5 4 0.605250 0.648351 0.612542 0.695915
6 4 0.614163 0.646953 0.621455 0.690319
7 4 0.666876 0.637160 0.686274 0.665246
8 4 0.704623 0.594641 0.721401 0.638091
9 4 0.730838 0.598263 0.747615 0.652574
10 7 0.501206 0.703264 0.521128 0.752144
11 7 0.547342 0.719557 0.566216 0.764817
12 7 0.662682 0.732231 0.687848 0.773869
13 9 0.656391 0.676109 0.682605 0.701453
14 9 0.713012 0.658004 0.727692 0.688782
15 9 0.663731 0.475155 0.679459 0.505933
16 5 0.266331 0.645332 0.282059 0.665246
17 7 0.737129 0.708695 0.763343 0.744903
18 5 0.641711 0.692402 0.656391 0.734040
19 5 0.695187 0.685160 0.707770 0.703264
