8 0.212662 0.467541 0.245130 0.551007
8 0.226461 0.518548 0.256493 0.581920
8 0.662338 0.410352 0.690746 0.475270
8 0.699676 0.407260 0.712663 0.458267
8 0.716720 0.376347 0.728896 0.448993
8 0.736202 0.362436 0.750000 0.439719
8 0.685065 0.575738 0.710227 0.679296
8 0.710227 0.570095 0.744318 0.660749
8 0.311688 0.597377 0.349026 0.659203
7 0.434254 0.370165 0.462663 0.428899
7 0.471590 0.360890 0.495941 0.416534
7 0.243507 0.645292 0.258117 0.682388
7 0.224026 0.614379 0.245130 0.653021
7 0.697241 0.665385 0.740259 0.725666
7 0.732142 0.634472 0.766234 0.682388
4 0.786089 0.469033 0.794206 0.495190
4 0.756119 0.414340 0.766733 0.446442
4 0.754870 0.492812 0.768606 0.545127
4 0.506993 0.570095 0.524475 0.601008
4 0.481394 0.564150 0.501998 0.593874
4 0.442057 0.495190 0.459541 0.549883
4 0.466408 0.508269 0.498876 0.558205
4 0.517608 0.508268 0.541334 0.559394
4 0.552572 0.514213 0.578796 0.562961
4 0.314686 0.494001 0.332792 0.532048
4 0.295330 0.552260 0.321554 0.603386
4 0.272228 0.508268 0.296579 0.561772
2 0.283467 0.488056 0.310315 0.543938
5 0.416459 0.611709 0.423951 0.660457
5 0.449551 0.602197 0.458292 0.658079
5 0.471403 0.596251 0.483891 0.650945
5 0.497627 0.603386 0.510115 0.646188
5 0.528846 0.611708 0.535714 0.647377
5 0.555070 0.610520 0.568182 0.662834
5 0.591284 0.597442 0.604396 0.640244
5 0.770480 0.528481 0.787963 0.558205
5 0.726150 0.567717 0.751748 0.602197
9 0.702423 0.593874 0.719905 0.621220
9 0.754870 0.567717 0.766109 0.584363
5 0.551324 0.486867 0.559441 0.523725
5 0.433941 0.488055 0.441433 0.516590
5 0.578172 0.489245 0.583792 0.510647
