5 0.397727 0.618942 0.409903 0.670716
5 0.433441 0.623140 0.447240 0.672116
5 0.474026 0.623140 0.484578 0.672116
5 0.495942 0.625939 0.504870 0.666519
5 0.518669 0.631536 0.528409 0.679113
5 0.535714 0.632935 0.543831 0.674915
5 0.557630 0.669318 0.566558 0.695904
5 0.607142 0.658122 0.620130 0.688908
5 0.639610 0.639931 0.648539 0.677713
9 0.663961 0.651127 0.685065 0.690307
5 0.700487 0.659522 0.715909 0.704300
7 0.777597 0.669318 0.808441 0.712697
8 0.777598 0.600751 0.807630 0.679113
7 0.527598 0.725290 0.565747 0.807850
4 0.651785 0.567168 0.664772 0.593754
4 0.543831 0.575563 0.560065 0.595153
4 0.521916 0.574164 0.536526 0.595154
4 0.414773 0.576962 0.444805 0.606348
8 0.409903 0.337680 0.427760 0.446827
8 0.453734 0.362867 0.467533 0.441229
8 0.479708 0.354471 0.501624 0.444027
