3 0.286764 0.435209 0.314148 0.510471
3 0.317660 0.394852 0.332406 0.505018
3 0.537441 0.415575 0.554995 0.515925
3 0.711581 0.643543 0.744583 0.756981
3 0.733348 0.629363 0.771266 0.718805
7 0.742476 0.746073 0.761435 0.761344
7 0.760031 0.720986 0.782501 0.739529
3 0.569741 0.655540 0.603445 0.775523
3 0.415263 0.643542 0.432817 0.804974
3 0.387176 0.638089 0.406837 0.777705
3 0.248846 0.614093 0.279742 0.743892
3 0.214440 0.610820 0.262188 0.726440
2 0.234803 0.563917 0.294488 0.614093
2 0.297999 0.498472 0.345045 0.555191
2 0.589402 0.517015 0.613276 0.559555
2 0.651895 0.517016 0.701750 0.555192
2 0.715793 0.503926 0.750903 0.537740
4 0.654002 0.501746 0.686302 0.523560
4 0.711581 0.488656 0.741775 0.514834
4 0.696133 0.573735 0.748093 0.634817
4 0.583785 0.607549 0.601339 0.655541
4 0.558507 0.607548 0.577465 0.652269
4 0.382260 0.595550 0.404730 0.676266
4 0.620999 0.509381 0.632937 0.547557
4 0.609063 0.503927 0.618191 0.539922
2 0.255167 0.500654 0.276232 0.532286
4 0.413858 0.642453 0.422284 0.702443
5 0.438435 0.656632 0.441946 0.688264
5 0.458797 0.647906 0.467925 0.686082
5 0.486884 0.659904 0.491098 0.682810
5 0.504439 0.664267 0.509354 0.690445
5 0.527610 0.652268 0.533930 0.686082
4 0.547272 0.659905 0.565528 0.699171
