2 0.350765 0.474724 0.017393 0.038642
4 0.371927 0.483004 0.029569 0.066243
4 0.476577 0.481900 0.013915 0.048578
4 0.579777 0.488524 0.008117 0.028705
2 0.657178 0.508949 0.019133 0.036433
4 0.415990 0.618249 0.016814 0.058514
7 0.302064 0.394128 0.015074 0.036433
7 0.320617 0.388056 0.019712 0.039746
7 0.345547 0.383640 0.020872 0.041954
9 0.337720 0.414001 0.016814 0.034225
9 0.295976 0.417313 0.013335 0.040850
5 0.320617 0.449883 0.016234 0.057410
5 0.433094 0.448779 0.006957 0.030913
5 0.562384 0.464235 0.005798 0.022081
1 0.504986 0.493492 0.035946 0.085011
1 0.542672 0.495700 0.035946 0.098260
1 0.567602 0.495700 0.023191 0.073971
2 0.367869 0.590648 0.037686 0.051890
5 0.615724 0.627634 0.009276 0.044162
5 0.589923 0.629842 0.007537 0.039746
5 0.564703 0.621009 0.012755 0.044162
5 0.490782 0.623217 0.011016 0.050786
5 0.462952 0.625426 0.011016 0.046370
5 0.431644 0.623770 0.008697 0.043058
5 0.404105 0.624322 0.015074 0.048578
5 0.528467 0.623770 0.027250 0.038642
5 0.466431 0.457611 0.007537 0.033121
5 0.491941 0.456507 0.008697 0.037538
5 0.585575 0.460371 0.004638 0.029809
