6 0.706170 0.511211 0.785714 0.610713
4 0.689935 0.549552 0.704296 0.595907
4 0.511988 0.622859 0.523227 0.658434
4 0.258492 0.552786 0.279096 0.581893
4 0.357767 0.591596 0.383366 0.621780
4 0.624376 0.595908 0.645605 0.611000
5 0.282218 0.590518 0.287212 0.619625
5 0.334665 0.608845 0.340909 0.633639
5 0.391483 0.642262 0.397103 0.671369
5 0.536339 0.653043 0.550075 0.700477
5 0.564435 0.665980 0.571928 0.687540
5 0.587538 0.659512 0.598777 0.679994
5 0.659341 0.603455 0.672453 0.634718
5 0.501998 0.657355 0.505744 0.694009
7 0.491384 0.713413 0.511364 0.746832
