7 0.269968 0.743455 0.310412 0.789267
5 0.319681 0.700261 0.352543 0.763088
5 0.414896 0.722513 0.419952 0.746073
5 0.468824 0.742147 0.475565 0.768325
5 0.514324 0.739529 0.521066 0.765707
5 0.493259 0.743455 0.499157 0.772251
4 0.650828 0.687173 0.682005 0.701571
4 0.260698 0.611256 0.273337 0.636126
4 0.724977 0.650524 0.735931 0.672775
4 0.485676 0.607330 0.491574 0.664922
4 0.596057 0.698953 0.602799 0.719895
3 0.321632 0.424458 0.337282 0.523560
3 0.330058 0.422588 0.343902 0.531975
3 0.367977 0.452506 0.380014 0.563762
3 0.389644 0.487098 0.402884 0.567502
3 0.405292 0.486163 0.418533 0.575916
3 0.594278 0.488033 0.611732 0.595550
3 0.698401 0.468399 0.715253 0.552543
2 0.312003 0.537584 0.346911 0.588070
2 0.361957 0.563763 0.384226 0.613313
2 0.387236 0.574982 0.407098 0.630143
2 0.460664 0.611444 0.470294 0.649776
2 0.473303 0.598355 0.486543 0.646971
2 0.639417 0.586200 0.661085 0.632012
2 0.680345 0.561892 0.714651 0.614248
2 0.620158 0.677823 0.632798 0.707741
2 0.606917 0.688108 0.620159 0.725504
2 0.386033 0.679693 0.406496 0.709611
2 0.370985 0.664735 0.386033 0.705871
2 0.296354 0.632012 0.340892 0.684368
12 0.437793 0.686238 0.561777 0.733920
5 0.498580 0.585265 0.505201 0.625467
5 0.470294 0.570307 0.476915 0.608639
5 0.445617 0.568437 0.452238 0.610509
0 0.544925 0.483358 0.559972 0.595549
1 0.536499 0.582461 0.564787 0.659125
1 0.588260 0.599289 0.627381 0.645101
13 0.282511 0.339380 0.390847 0.488968
13 0.398672 0.233732 0.472701 0.457180
13 0.535295 0.229992 0.635807 0.454375
13 0.615343 0.396410 0.720669 0.537584
13 0.202464 0.775056 0.348114 0.847980
13 0.617750 0.772252 0.763401 0.871354
3 0.479322 0.494578 0.497378 0.609574
