3 0.326422 0.482330 0.010111 0.095550
3 0.333163 0.477749 0.020223 0.107330
3 0.379928 0.505890 0.014324 0.121728
3 0.395516 0.520942 0.013482 0.091623
3 0.411104 0.529450 0.017695 0.103403
3 0.481884 0.540576 0.026121 0.102094
3 0.606590 0.541230 0.009269 0.100785
3 0.700120 0.520288 0.009269 0.082461
2 0.325158 0.571335 0.029491 0.077225
2 0.364761 0.592277 0.019380 0.051047
2 0.396780 0.606021 0.021065 0.057592
2 0.477671 0.625654 0.012639 0.034031
2 0.465453 0.630890 0.005056 0.052356
2 0.646193 0.607984 0.029491 0.048429
2 0.695907 0.585733 0.026121 0.053665
2 0.623864 0.698953 0.015167 0.028796
2 0.613331 0.708115 0.009269 0.036649
4 0.672735 0.694372 0.035390 0.037958
4 0.729190 0.660995 0.010111 0.026178
4 0.599428 0.711387 0.005056 0.019634
4 0.623864 0.711387 0.008426 0.030105
2 0.398044 0.694372 0.016852 0.032723
2 0.374030 0.689791 0.016010 0.041885
12 0.498315 0.708115 0.121336 0.049738
0 0.551821 0.540576 0.021065 0.120419
1 0.545922 0.626309 0.021065 0.066754
1 0.608276 0.620419 0.034547 0.068063
2 0.319260 0.660340 0.039603 0.048429
5 0.378664 0.727094 0.011797 0.019634
5 0.418267 0.735602 0.008426 0.028796
5 0.469666 0.754581 0.006741 0.024869
5 0.493680 0.751309 0.005898 0.023560
5 0.516010 0.750000 0.010111 0.023560
5 0.544237 0.755236 0.010954 0.026178
5 0.314204 0.758508 0.012639 0.043194
7 0.287662 0.768325 0.026964 0.052356
13 0.267861 0.817408 0.137346 0.069372
13 0.684953 0.827880 0.137346 0.100785
13 0.332742 0.413613 0.103641 0.146597
13 0.430485 0.338351 0.078363 0.244764
13 0.580469 0.341623 0.086789 0.246073
13 0.676106 0.463351 0.153355 0.115183
