3 0.287525 0.723654 0.038087 0.070072
3 0.314061 0.732817 0.034965 0.112114
2 0.672453 0.663823 0.027473 0.028029
2 0.728646 0.656277 0.019980 0.030185
12 0.715222 0.524758 0.015609 0.068994
12 0.283467 0.521524 0.023726 0.071150
2 0.264423 0.642263 0.023102 0.034497
2 0.329046 0.663823 0.043706 0.071150
2 0.631244 0.669753 0.017483 0.029107
4 0.633741 0.589440 0.016234 0.051745
4 0.692745 0.569496 0.028097 0.020482
4 0.753621 0.554943 0.019980 0.021560
4 0.457980 0.608844 0.008117 0.030185
13 0.288462 0.411027 0.072428 0.182186
13 0.429258 0.309693 0.085539 0.277052
13 0.598464 0.332870 0.073052 0.219917
13 0.703671 0.403481 0.079920 0.171406
13 0.749251 0.794803 0.113636 0.080852
13 0.742070 0.842236 0.123002 0.113192
13 0.241009 0.763002 0.147353 0.088398
13 0.281906 0.818520 0.169206 0.100256
5 0.585664 0.722037 0.008741 0.023717
5 0.551636 0.728505 0.004371 0.023717
5 0.381806 0.724193 0.005619 0.021560
