9 0.346075 0.631841 0.358619 0.661390
7 0.343123 0.689532 0.358619 0.719082
7 0.316558 0.672648 0.334268 0.712047
9 0.732733 0.664205 0.749705 0.695161
4 0.343122 0.589628 0.378541 0.631842
4 0.446429 0.603688 0.454546 0.653440
3 0.321197 0.614744 0.347287 0.687713
3 0.358303 0.626906 0.371057 0.691030
2 0.620942 0.611427 0.629058 0.639067
2 0.743274 0.562781 0.770524 0.624695
2 0.702110 0.637961 0.733998 0.676657
2 0.621521 0.500869 0.638914 0.567205
2 0.695153 0.545093 0.721243 0.570521
2 0.305542 0.487601 0.334532 0.555042
2 0.504986 0.528508 0.521220 0.569415
2 0.309021 0.566098 0.331632 0.600371
2 0.378015 0.586000 0.403525 0.636856
4 0.355404 0.497552 0.365260 0.528508
5 0.629058 0.658968 0.634276 0.696558
5 0.598330 0.658968 0.603548 0.699875
5 0.567603 0.662285 0.575139 0.718669
5 0.548469 0.664496 0.554847 0.709824
5 0.520640 0.652334 0.527598 0.700980
5 0.493970 0.653440 0.501507 0.713142
5 0.469620 0.656757 0.479476 0.716459
5 0.438311 0.647912 0.444689 0.691030
5 0.407583 0.650123 0.415121 0.679975
5 0.375116 0.646806 0.383813 0.693241
5 0.311920 0.625800 0.331632 0.665601
5 0.257421 0.610321 0.280033 0.640173
5 0.444110 0.468808 0.448168 0.514136
5 0.472519 0.461068 0.481215 0.515242
5 0.560065 0.452223 0.564123 0.515241
5 0.587314 0.447801 0.598330 0.521875
5 0.648771 0.475441 0.655149 0.513031
5 0.621522 0.473229 0.630798 0.508609
5 0.680079 0.480968 0.688775 0.513030
5 0.353085 0.454434 0.362361 0.492024
5 0.714286 0.688819 0.743854 0.728619
7 0.765307 0.715353 0.777482 0.746309
7 0.771104 0.696557 0.786178 0.726409
