7 0.372217 0.468807 0.397147 0.517453
7 0.399467 0.482074 0.423237 0.528509
7 0.739216 0.734148 0.757769 0.776160
7 0.790237 0.695452 0.809370 0.755154
7 0.522959 0.769527 0.544411 0.817067
7 0.480635 0.761787 0.493970 0.793849
2 0.392510 0.550621 0.420919 0.613639
2 0.661525 0.658968 0.716605 0.714248
2 0.716025 0.622483 0.757189 0.692135
4 0.739216 0.664496 0.759508 0.715352
4 0.433094 0.583788 0.442950 0.619167
4 0.578618 0.549516 0.595432 0.625800
4 0.455705 0.572731 0.464981 0.613638
2 0.470200 0.583788 0.480056 0.634644
1 0.475998 0.550621 0.578619 0.639068
3 0.478895 0.474335 0.503246 0.555043
3 0.563543 0.482074 0.575719 0.572732
3 0.698052 0.742992 0.726460 0.797166
4 0.720083 0.703191 0.732839 0.726409
3 0.731679 0.718669 0.752551 0.752942
9 0.706168 0.725302 0.729359 0.755154
9 0.766466 0.695452 0.775742 0.713141
9 0.288150 0.698769 0.306123 0.728620
7 0.722982 0.462174 0.738056 0.501974
7 0.742695 0.476546 0.756609 0.519664
9 0.731100 0.489813 0.748493 0.532931
5 0.708488 0.463279 0.736318 0.524087
5 0.609346 0.541776 0.616304 0.579366
5 0.470779 0.534036 0.480055 0.583788
5 0.423237 0.517453 0.431355 0.570521
5 0.393669 0.509714 0.400047 0.558360
5 0.400626 0.683291 0.408744 0.744098
5 0.427876 0.684396 0.435413 0.746310
5 0.452806 0.702086 0.462082 0.765104
5 0.475417 0.693240 0.486433 0.760682
5 0.498608 0.692135 0.506725 0.751837
5 0.521799 0.698769 0.528757 0.751837
5 0.536874 0.710930 0.549629 0.776160
5 0.571661 0.708719 0.579197 0.737464
5 0.604708 0.710930 0.614564 0.769526
5 0.281192 0.664496 0.286990 0.698769
5 0.371637 0.704297 0.382653 0.752943
5 0.637176 0.712036 0.640655 0.765104
5 0.632537 0.557253 0.639495 0.603688
5 0.365260 0.478757 0.376276 0.562782
