2 0.276598 0.686462 0.019980 0.040965
2 0.661526 0.695625 0.036838 0.054979
7 0.683691 0.818520 0.013736 0.035575
3 0.666667 0.775251 0.021645 0.087823
3 0.696699 0.762638 0.031926 0.071940
2 0.495130 0.617357 0.008658 0.035503
2 0.507035 0.620159 0.008658 0.037371
2 0.539502 0.617824 0.012987 0.034569
2 0.324134 0.606612 0.031385 0.038306
5 0.368236 0.735077 0.008117 0.039240
5 0.403950 0.737880 0.004870 0.048583
5 0.435335 0.737880 0.009199 0.039240
5 0.464827 0.743018 0.005411 0.047649
5 0.487284 0.736478 0.003788 0.047649
5 0.508387 0.742551 0.010281 0.039240
5 0.539773 0.739748 0.007035 0.037371
5 0.575758 0.739748 0.014069 0.028029
5 0.606331 0.730872 0.011364 0.028963
5 0.641775 0.726201 0.006494 0.032700
5 0.696429 0.706581 0.018398 0.023357
5 0.441829 0.565971 0.002706 0.046714
5 0.467532 0.575314 0.003247 0.041109
5 0.500000 0.571577 0.010823 0.046714
5 0.535444 0.576248 0.007035 0.050452
5 0.554113 0.572978 0.002165 0.045780
5 0.410714 0.551022 0.012987 0.035503
5 0.357413 0.553825 0.009199 0.033634
5 0.315476 0.543081 0.010823 0.038306
12 0.506494 0.521125 0.448052 0.242915
