2 0.347022 0.605115 0.029815 0.040274
2 0.296141 0.690697 0.027871 0.042288
2 0.641288 0.710330 0.035001 0.045308
7 0.651010 0.819573 0.019445 0.040274
3 0.641936 0.780306 0.022038 0.078534
3 0.672400 0.772251 0.032408 0.086589
5 0.381699 0.722412 0.008426 0.047322
5 0.414755 0.723923 0.007130 0.056383
5 0.443598 0.733488 0.007778 0.057390
5 0.466284 0.736005 0.005185 0.050342
5 0.486053 0.737515 0.004537 0.051349
5 0.502581 0.740032 0.009074 0.048329
5 0.521702 0.725433 0.011019 0.043294
5 0.553786 0.733488 0.011667 0.039267
5 0.586842 0.736005 0.007778 0.040274
5 0.620871 0.729964 0.005833 0.042288
5 0.673048 0.715364 0.014260 0.037253
5 0.532072 0.567358 0.011019 0.051349
5 0.504201 0.569372 0.005833 0.051349
5 0.478275 0.565344 0.009722 0.043294
5 0.457858 0.562827 0.007778 0.048329
5 0.378458 0.552255 0.011019 0.037253
5 0.332438 0.545207 0.013611 0.033226
5 0.600129 0.565848 0.008426 0.046315
5 0.665270 0.532118 0.006482 0.037253
5 0.724901 0.698752 0.015556 0.040274
7 0.257900 0.769734 0.016204 0.033226
7 0.240723 0.741542 0.014260 0.031212
