3 0.458445 0.532744 0.007799 0.090406
3 0.489082 0.564483 0.006684 0.069247
4 0.295232 0.582756 0.022282 0.048088
4 0.454545 0.708748 0.013369 0.053859
4 0.625000 0.704901 0.017825 0.046165
4 0.568739 0.704901 0.010027 0.034624
4 0.553142 0.680856 0.007799 0.021159
4 0.489082 0.675086 0.011141 0.025006
4 0.507464 0.692398 0.007799 0.032700
4 0.539773 0.683742 0.010027 0.030777
8 0.597148 0.717404 0.017825 0.075018
8 0.719140 0.712595 0.043449 0.103871
8 0.396056 0.740486 0.021168 0.101947
2 0.524176 0.675086 0.007799 0.028853
7 0.637812 0.822236 0.027852 0.042318
7 0.594920 0.786651 0.024510 0.040394
1 0.319742 0.626036 0.051248 0.065400
1 0.365976 0.603915 0.043449 0.094253
1 0.404969 0.597183 0.023396 0.080788
1 0.427807 0.597183 0.022282 0.069247
1 0.453988 0.607762 0.012255 0.059629
1 0.483512 0.612571 0.022282 0.057706
1 0.516934 0.601030 0.026738 0.061553
1 0.548128 0.603915 0.022282 0.059629
1 0.575980 0.599106 0.028966 0.069247
1 0.597705 0.597183 0.025624 0.061553
