2 0.274351 0.579181 0.012987 0.035036
2 0.287338 0.598801 0.008117 0.043444
2 0.322240 0.613516 0.045455 0.070072
2 0.366883 0.636639 0.017857 0.035036
2 0.453734 0.665369 0.024351 0.053254
2 0.482955 0.677982 0.017857 0.042043
2 0.519075 0.573575 0.021916 0.077079
2 0.495536 0.576378 0.010552 0.040641
2 0.548295 0.568670 0.012175 0.039240
2 0.518707 0.660978 0.004252 0.018970
2 0.665874 0.623415 0.048122 0.032033
2 0.715155 0.592383 0.053919 0.058059
2 0.740376 0.514804 0.031308 0.047048
2 0.350475 0.551842 0.024930 0.045046
7 0.353374 0.413701 0.022611 0.039040
3 0.355114 0.492281 0.013335 0.098100
3 0.520350 0.485274 0.014494 0.082084
3 0.675151 0.708502 0.034207 0.118121
3 0.700951 0.694487 0.042904 0.100102
3 0.480925 0.754549 0.007537 0.098100
3 0.452806 0.750044 0.016234 0.107109
4 0.500638 0.664957 0.005218 0.033034
4 0.524215 0.662393 0.005862 0.021800
4 0.465142 0.575971 0.007666 0.026471
