7 0.616071 0.807242 0.030844 0.054174
7 0.732143 0.482974 0.038961 0.055722
3 0.609578 0.744556 0.032468 0.095965
3 0.600244 0.521669 0.026786 0.083582
3 0.443182 0.757712 0.024351 0.116087
3 0.455357 0.547982 0.019481 0.102156
3 0.499594 0.541791 0.015422 0.102156
3 0.243506 0.533278 0.019481 0.085130
3 0.262987 0.516252 0.016234 0.109895
4 0.257305 0.628469 0.029221 0.077391
1 0.359984 0.621504 0.153409 0.100608
1 0.599432 0.647817 0.038149 0.075843
1 0.445617 0.679547 0.038961 0.055722
2 0.724026 0.614539 0.061688 0.111443
4 0.455170 0.616193 0.038711 0.022622
4 0.482018 0.600715 0.012488 0.017859
7 0.597215 0.475699 0.018107 0.034528
8 0.594093 0.541183 0.021853 0.115491
4 0.738949 0.563210 0.016858 0.035719
