13 0.281593 0.370601 0.381493 0.505354
13 0.407093 0.264955 0.474525 0.487028
13 0.558817 0.231536 0.610640 0.499964
13 0.613137 0.358743 0.701174 0.525837
13 0.628122 0.796421 0.764236 0.908535
13 0.230395 0.777016 0.371504 0.883740
3 0.535714 0.517213 0.558816 0.637952
3 0.611264 0.508588 0.638112 0.586206
3 0.639985 0.716647 0.666209 0.817981
3 0.350274 0.701555 0.368381 0.820137
2 0.353397 0.672448 0.387737 0.713413
2 0.470155 0.717725 0.480769 0.737129
2 0.515734 0.704789 0.526348 0.725271
2 0.618756 0.676760 0.648726 0.719881
2 0.692433 0.656277 0.719281 0.679994
4 0.298295 0.596290 0.312501 0.630450
4 0.663048 0.602421 0.682832 0.627822
4 0.694501 0.577897 0.702618 0.615560
4 0.687906 0.591911 0.695516 0.617312
2 0.532670 0.631325 0.559558 0.683879
1 0.614346 0.584903 0.656960 0.654099
5 0.413454 0.725921 0.415482 0.753074
5 0.471794 0.740812 0.480418 0.767965
5 0.443892 0.740812 0.449980 0.771468
5 0.500710 0.742564 0.505276 0.774096
5 0.524554 0.744316 0.535714 0.769717
5 0.557021 0.742564 0.567167 0.774972
5 0.589488 0.735556 0.600649 0.760957
5 0.652394 0.729426 0.666600 0.774096
