4 0.508320 0.484384 0.049378 0.058043
4 0.659497 0.494058 0.035173 0.051594
4 0.735593 0.484384 0.034497 0.081261
4 0.436621 0.555971 0.019616 0.056753
4 0.414299 0.544362 0.020969 0.038696
4 0.459957 0.555971 0.010823 0.030956
4 0.480587 0.561775 0.016910 0.042565
4 0.502570 0.552101 0.020292 0.015478
4 0.526583 0.551456 0.020969 0.024507
4 0.546199 0.550166 0.015557 0.032246
4 0.574269 0.552101 0.025703 0.033536
7 0.440341 0.680441 0.010823 0.063203
7 0.456575 0.690760 0.022998 0.060623
5 0.360525 0.590796 0.010823 0.051594
5 0.391978 0.595311 0.007440 0.060623
5 0.422416 0.606275 0.006088 0.041275
5 0.444061 0.605630 0.006088 0.037406
5 0.461986 0.610144 0.004058 0.036116
5 0.484984 0.610144 0.006764 0.041275
5 0.513393 0.598536 0.006764 0.038696
5 0.556006 0.601115 0.005411 0.033536
5 0.405168 0.457942 0.008117 0.043855
5 0.438312 0.461167 0.006764 0.052884
5 0.480587 0.443109 0.007440 0.042565
5 0.533347 0.426985 0.007440 0.028377
5 0.651380 0.426985 0.009470 0.041275
5 0.681480 0.460522 0.002029 0.043855
