12 0.275975 0.584839 0.703464 0.677099
12 0.247566 0.636224 0.735255 0.741332
6 0.209686 0.415499 0.272592 0.522942
6 0.694669 0.452871 0.769074 0.564985
6 0.745401 0.679435 0.806953 0.813739
6 0.187365 0.640895 0.246889 0.798557
12 0.335498 0.458710 0.660173 0.670092
5 0.380411 0.734143 0.388528 0.777120
5 0.415043 0.748157 0.421537 0.793003
5 0.446969 0.748157 0.457792 0.790200
5 0.472944 0.750960 0.482142 0.786463
5 0.493507 0.744420 0.498377 0.791134
5 0.516234 0.750026 0.526514 0.791135
5 0.425325 0.526731 0.439935 0.578117
