13 0.263174 0.779711 0.141733 0.126129
13 0.747065 0.802889 0.126748 0.071150
3 0.606893 0.554943 0.022478 0.068994
10 0.606893 0.508588 0.021229 0.021560
3 0.362450 0.507510 0.019356 0.116427
1 0.354333 0.580277 0.029346 0.042043
2 0.393669 0.593752 0.011863 0.032341
2 0.379620 0.592674 0.011239 0.043121
2 0.493881 0.617468 0.008741 0.025873
2 0.540085 0.613695 0.009990 0.042043
2 0.612825 0.601298 0.020604 0.058213
2 0.642795 0.591596 0.018107 0.062525
2 0.732393 0.539851 0.028721 0.034497
2 0.363074 0.667597 0.048077 0.044199
2 0.649038 0.674065 0.046828 0.046355
12 0.488636 0.567269 0.529221 0.176580
12 0.497971 0.660464 0.502435 0.127530
