1 0.347066 0.481021 0.214866 0.134817
1 0.683689 0.493455 0.208968 0.096859
1 0.530755 0.517670 0.039603 0.066754
1 0.568252 0.507853 0.025278 0.086387
1 0.496208 0.521597 0.031177 0.071990
0 0.566566 0.422775 0.023593 0.091623
3 0.529070 0.446335 0.017695 0.083770
12 0.504213 0.430628 0.412880 0.256545
2 0.245953 0.513743 0.054770 0.056283
2 0.296931 0.568717 0.042131 0.064136
2 0.348751 0.588351 0.032862 0.037958
2 0.639031 0.591623 0.026964 0.044503
2 0.679055 0.579843 0.059825 0.052356
2 0.740144 0.525524 0.042131 0.058901
2 0.442702 0.628927 0.010111 0.040576
2 0.462082 0.626963 0.008426 0.031414
2 0.473879 0.632199 0.008426 0.036649
2 0.485676 0.627618 0.011797 0.037958
2 0.503370 0.624346 0.018537 0.036649
2 0.532441 0.615838 0.022751 0.032723
3 0.512218 0.693717 0.027806 0.102094
2 0.286398 0.616492 0.034547 0.049738
