3 0.514248 0.454591 0.022038 0.089609
0 0.546008 0.416834 0.032408 0.114781
3 0.588138 0.432944 0.009074 0.130890
3 0.600778 0.420862 0.017500 0.126863
3 0.516192 0.688180 0.025927 0.117801
1 0.487673 0.521043 0.027223 0.073500
1 0.520081 0.520540 0.024630 0.076520
1 0.548276 0.512988 0.017500 0.073500
2 0.597861 0.528091 0.027223 0.057390
2 0.625408 0.520540 0.027871 0.050342
2 0.717447 0.538663 0.038242 0.042288
2 0.669807 0.582964 0.038890 0.038260
2 0.633834 0.589509 0.018797 0.041281
2 0.501933 0.606122 0.020741 0.038260
2 0.534665 0.604108 0.016204 0.040274
2 0.600454 0.592026 0.014260 0.032219
2 0.371004 0.587998 0.025927 0.044301
2 0.473090 0.620721 0.013611 0.045308
2 0.457858 0.618204 0.009074 0.032219
2 0.330170 0.574406 0.049260 0.059404
2 0.313317 0.613170 0.035001 0.046315
2 0.276372 0.531112 0.042779 0.071486
