13 0.309322 0.469725 0.098563 0.119485
13 0.422565 0.421750 0.054524 0.215436
13 0.585614 0.422655 0.051379 0.224488
13 0.674216 0.499596 0.083884 0.204573
13 0.230156 0.794689 0.154137 0.045260
13 0.276292 0.854431 0.154137 0.074226
13 0.781692 0.813698 0.139457 0.112244
13 0.750760 0.860768 0.130020 0.094140
12 0.501206 0.480587 0.039845 0.047070
12 0.503303 0.667057 0.530565 0.112244
12 0.500682 0.704169 0.548390 0.099571
3 0.557827 0.594641 0.016777 0.133968
2 0.618369 0.771555 0.016128 0.043966
