13 0.256064 0.369764 0.086789 0.153141
13 0.405206 0.294503 0.064881 0.180628
13 0.591423 0.285995 0.081733 0.239529
13 0.714866 0.352749 0.070779 0.150524
13 0.752783 0.768979 0.146614 0.079843
13 0.732139 0.815445 0.139031 0.146597
13 0.218568 0.798429 0.160096 0.089005
13 0.236263 0.857330 0.168522 0.125654
12 0.503370 0.541885 0.621847 0.154450
12 0.482726 0.601440 0.619320 0.171466
1 0.514572 0.591019 0.030464 0.070479
1 0.546980 0.595046 0.022686 0.066452
2 0.301326 0.642872 0.026575 0.051349
3 0.506470 0.502920 0.020741 0.115787
3 0.544712 0.500906 0.028519 0.121828
