5 0.262639 0.549339 0.270176 0.579369
5 0.301484 0.568358 0.309022 0.602394
5 0.345547 0.570361 0.353664 0.600391
5 0.440631 0.576366 0.447009 0.601392
5 0.466141 0.571361 0.474837 0.595386
5 0.536294 0.561351 0.542672 0.588379
5 0.567022 0.564354 0.570501 0.587378
5 0.383813 0.747541 0.389031 0.774569
5 0.481795 0.739533 0.489333 0.768563
5 0.453386 0.736530 0.462662 0.768563
5 0.506145 0.726520 0.512523 0.751546
5 0.531656 0.726520 0.538614 0.759554
5 0.558326 0.727521 0.566442 0.754549
5 0.589054 0.713507 0.595432 0.739534
5 0.286990 0.729523 0.298586 0.759553
