6 0.199800 0.194883 0.269730 0.371679
7 0.759866 0.639028 0.781718 0.677838
7 0.779845 0.608845 0.806069 0.663823
4 0.737388 0.497808 0.767358 0.568958
8 0.685565 0.364133 0.720529 0.442829
8 0.377123 0.377070 0.406469 0.433127
7 0.378372 0.335027 0.404596 0.378147
5 0.405219 0.573269 0.410838 0.599143
5 0.440810 0.573270 0.445804 0.594830
5 0.505120 0.578659 0.507618 0.607766
5 0.522602 0.585128 0.529470 0.611001
5 0.545704 0.584049 0.555694 0.614234
5 0.576298 0.585128 0.581294 0.611001
5 0.602522 0.586205 0.610015 0.617468
5 0.625000 0.582971 0.634990 0.614235
