2 0.453966 0.606898 0.015074 0.043044
2 0.484984 0.611402 0.023771 0.076078
2 0.527018 0.620912 0.025510 0.077079
2 0.554267 0.588379 0.011596 0.040041
2 0.252783 0.577868 0.025510 0.049050
2 0.597461 0.603394 0.012175 0.040041
2 0.355983 0.590881 0.019712 0.035036
2 0.388161 0.604395 0.024930 0.042043
3 0.393669 0.522311 0.009276 0.106108
3 0.485853 0.524814 0.010436 0.105107
3 0.518901 0.529319 0.022032 0.122125
2 0.627899 0.592383 0.020872 0.028029
12 0.502377 0.497286 0.387871 0.212217
12 0.500348 0.638430 0.519481 0.206211
12 0.642393 0.730023 0.040584 0.087089
12 0.335111 0.715509 0.080009 0.108110
7 0.490782 0.823119 0.017973 0.037038
3 0.480925 0.758052 0.015654 0.071073
2 0.477157 0.705498 0.022032 0.038039
