2 0.299513 0.551853 0.333603 0.592494
2 0.341720 0.574276 0.366071 0.617720
2 0.376623 0.571473 0.399351 0.624727
2 0.443994 0.578480 0.456981 0.613516
2 0.474026 0.560261 0.495942 0.649953
2 0.508117 0.578480 0.529221 0.640143
2 0.580357 0.579881 0.590909 0.627530
2 0.611201 0.595297 0.624189 0.619121
2 0.651786 0.561663 0.683442 0.605107
4 0.605519 0.571473 0.624189 0.592494
7 0.381493 0.435534 0.408279 0.478978
3 0.383117 0.491592 0.402597 0.568670
3 0.474026 0.474775 0.489448 0.560262
3 0.500000 0.460760 0.525162 0.584086
2 0.258929 0.508409 0.279221 0.557459
12 0.239447 0.557459 0.779220 0.741046
12 0.303571 0.668171 0.379058 0.797103
12 0.610389 0.680785 0.665585 0.802709
