13 0.265828 0.731236 0.145292 0.092494
13 0.287744 0.784490 0.232955 0.128932
13 0.735390 0.721426 0.136364 0.058860
13 0.722808 0.792198 0.153409 0.091093
13 0.576299 0.355653 0.063312 0.255060
13 0.676136 0.418717 0.063312 0.199003
13 0.428166 0.382981 0.086851 0.220025
13 0.312906 0.408907 0.117695 0.162566
2 0.288555 0.579882 0.034903 0.053254
2 0.450893 0.626829 0.025162 0.046247
2 0.496753 0.628932 0.004870 0.042043
2 0.521104 0.631734 0.025974 0.056057
2 0.563718 0.615618 0.025162 0.068670
12 0.510552 0.692697 0.170455 0.057459
4 0.684659 0.585487 0.010552 0.028029
3 0.563718 0.525226 0.018669 0.106509
3 0.443994 0.542744 0.022727 0.133136
