3 0.271316 0.449389 0.279040 0.551920
3 0.283253 0.450480 0.291679 0.561736
3 0.295189 0.493020 0.305723 0.575917
3 0.309936 0.493019 0.317660 0.571553
3 0.319064 0.491928 0.332406 0.581370
3 0.343640 0.478839 0.369621 0.582460
3 0.483373 0.479931 0.496715 0.580280
3 0.509354 0.497381 0.527610 0.573735
3 0.573954 0.439573 0.583082 0.582461
3 0.595019 0.470114 0.608360 0.581371
3 0.611872 0.477749 0.619596 0.579189
1 0.238313 0.546466 0.472139 0.636998
1 0.464415 0.570462 0.717198 0.645724
6 0.692622 0.383944 0.788118 0.537740
6 0.188460 0.443935 0.265699 0.550829
2 0.602041 0.723167 0.616787 0.739529
2 0.645576 0.703534 0.660322 0.726440
2 0.562719 0.717714 0.577465 0.758072
2 0.366110 0.711169 0.389984 0.744982
2 0.410347 0.719896 0.430009 0.750436
4 0.600637 0.707897 0.617489 0.724259
5 0.465117 0.724258 0.472139 0.765707
5 0.491800 0.724258 0.501630 0.759162
5 0.514972 0.720986 0.524802 0.764616
5 0.538845 0.722077 0.553591 0.760253
5 0.581678 0.722077 0.587295 0.748255
5 0.438434 0.725348 0.448264 0.778795
5 0.232697 0.681719 0.246037 0.701353
5 0.273423 0.734075 0.289573 0.755890
5 0.742476 0.711169 0.756520 0.728621
9 0.764244 0.681719 0.779692 0.705716
