13 0.637175 0.352137 0.716025 0.517307
13 0.545570 0.269053 0.605287 0.473261
13 0.401786 0.309093 0.474258 0.490279
13 0.301484 0.336121 0.374536 0.492281
13 0.230752 0.762557 0.344388 0.848645
13 0.626160 0.796591 0.756030 0.868665
0 0.300904 0.674467 0.333952 0.781575
0 0.650510 0.461249 0.684718 0.597388
1 0.314819 0.642434 0.346707 0.679472
1 0.644712 0.578369 0.691674 0.621413
3 0.644132 0.700494 0.676600 0.808604
2 0.625580 0.657450 0.651670 0.691485
3 0.536874 0.506295 0.555427 0.645437
3 0.507305 0.514303 0.528177 0.637429
3 0.475997 0.506294 0.490491 0.628420
3 0.389610 0.503292 0.405844 0.624416
2 0.380334 0.593384 0.397148 0.652444
2 0.471359 0.637429 0.499188 0.682475
2 0.507305 0.637428 0.524119 0.679472
2 0.532236 0.636428 0.553108 0.666458
0 0.359462 0.487276 0.380914 0.605397
1 0.351345 0.607398 0.373957 0.648440
3 0.238868 0.659451 0.263219 0.742537
3 0.262060 0.676469 0.286990 0.765560
1 0.252203 0.610401 0.308441 0.668461
5 0.293947 0.551341 0.303803 0.581371
5 0.299164 0.690484 0.307861 0.738533
5 0.347866 0.548338 0.358882 0.603394
5 0.443529 0.720514 0.451647 0.752547
5 0.413382 0.717510 0.415700 0.751545
5 0.383233 0.713506 0.387871 0.749544
5 0.354824 0.695488 0.357722 0.729523
5 0.578618 0.712506 0.589634 0.754549
5 0.713126 0.658450 0.728780 0.691484
5 0.658048 0.689481 0.676021 0.717511
