13 0.307192 0.300529 0.405844 0.468701
13 0.405844 0.225067 0.482018 0.433126
13 0.528222 0.225067 0.590034 0.449296
13 0.605020 0.275734 0.688686 0.485950
13 0.625001 0.791030 0.769856 0.846010
13 0.220405 0.741441 0.402097 0.802889
12 0.413961 0.665979 0.570055 0.718803
2 0.318431 0.524758 0.364011 0.601298
2 0.385864 0.587284 0.406468 0.628248
2 0.455170 0.606689 0.464536 0.644420
2 0.468907 0.590518 0.480769 0.631482
2 0.530095 0.601298 0.545080 0.654122
2 0.644980 0.536617 0.684316 0.611001
2 0.646853 0.644419 0.663711 0.678916
2 0.696803 0.605610 0.726773 0.656277
2 0.301573 0.602377 0.349651 0.668135
3 0.655594 0.449297 0.664336 0.539851
3 0.666833 0.494574 0.675575 0.558177
3 0.325300 0.432049 0.338412 0.534461
3 0.335289 0.406176 0.354021 0.533382
