3 0.235390 0.728433 0.019481 0.114917
3 0.252435 0.736141 0.012987 0.088290
3 0.614042 0.763469 0.023539 0.131734
3 0.624594 0.500701 0.021916 0.102304
3 0.663149 0.495095 0.014610 0.099502
3 0.679383 0.480380 0.009740 0.114917
3 0.691964 0.509109 0.015422 0.091093
3 0.340503 0.474774 0.020292 0.114917
3 0.287859 0.505795 0.035366 0.089091
3 0.243796 0.480769 0.026090 0.083085
3 0.563544 0.522311 0.011596 0.088090
3 0.524988 0.499788 0.015654 0.103105
10 0.560355 0.466755 0.028409 0.043044
1 0.334242 0.564855 0.124652 0.105107
1 0.522379 0.594385 0.028989 0.074076
1 0.561804 0.586877 0.035946 0.067068
1 0.625000 0.583874 0.038265 0.081083
1 0.667614 0.572363 0.042324 0.088090
3 0.717764 0.487276 0.016234 0.088090
2 0.719794 0.570361 0.042324 0.068069
2 0.725881 0.646438 0.045223 0.040041
2 0.470779 0.609400 0.015074 0.040041
2 0.441500 0.587378 0.023771 0.042043
2 0.455995 0.628920 0.011016 0.035036
2 0.382073 0.674467 0.011596 0.054055
2 0.405264 0.665958 0.023191 0.047048
2 0.358013 0.665958 0.029569 0.055056
2 0.312500 0.656949 0.053340 0.047048
2 0.257711 0.660953 0.055079 0.057058
2 0.633117 0.661454 0.028989 0.048049
2 0.598910 0.673466 0.023191 0.050051
2 0.571371 0.671464 0.023771 0.032033
13 0.397437 0.381668 0.183789 0.133136
2 0.253653 0.561351 0.029569 0.058059
12 0.452806 0.589380 0.376855 0.084086
12 0.504986 0.666959 0.154221 0.045046
0 0.682978 0.772066 0.018553 0.087089
1 0.676310 0.681974 0.044643 0.089091
13 0.405554 0.510299 0.030728 0.180184
