2 0.630619 0.576503 0.677447 0.647653
2 0.595654 0.533382 0.616883 0.578659
2 0.700550 0.495653 0.729271 0.563567
2 0.309690 0.587283 0.332792 0.648730
2 0.242258 0.589440 0.271604 0.627170
4 0.240385 0.554943 0.283467 0.593753
4 0.496379 0.535538 0.510115 0.582971
4 0.531343 0.542007 0.546328 0.601298
4 0.446429 0.523681 0.456419 0.546319
4 0.418957 0.527993 0.427698 0.574348
2 0.445180 0.550631 0.462663 0.575425
4 0.555695 0.651965 0.577547 0.684306
4 0.593157 0.634717 0.613137 0.660590
5 0.616883 0.622858 0.628121 0.668135
5 0.482018 0.643340 0.485764 0.679994
5 0.463287 0.635795 0.469531 0.658433
5 0.441433 0.632560 0.447053 0.671370
5 0.415834 0.632560 0.425824 0.672447
5 0.382118 0.633638 0.395230 0.674603
5 0.354021 0.632560 0.360889 0.661667
6 0.147977 0.536617 0.218531 0.665979
3 0.212912 0.590518 0.237888 0.672448
3 0.226023 0.637952 0.273477 0.703710
