4 0.267805 0.487565 0.297297 0.544284
4 0.361897 0.513744 0.387878 0.587915
4 0.347151 0.526832 0.361897 0.555192
4 0.401921 0.512652 0.420879 0.571554
4 0.654003 0.544285 0.674365 0.583552
4 0.622405 0.643543 0.628022 0.667540
4 0.635043 0.632635 0.646279 0.660995
4 0.326788 0.633727 0.340832 0.655541
4 0.262890 0.594459 0.269912 0.618456
4 0.274125 0.593369 0.281147 0.632636
2 0.283253 0.602094 0.309937 0.640270
2 0.699643 0.582461 0.749498 0.652269
3 0.730539 0.656632 0.776883 0.740620
3 0.747391 0.641362 0.797246 0.712261
3 0.378749 0.362129 0.398411 0.525742
3 0.524100 0.424303 0.547272 0.536650
3 0.561316 0.430847 0.582380 0.559555
3 0.595019 0.391579 0.617489 0.563918
7 0.525505 0.370855 0.626618 0.466841
2 0.535334 0.559554 0.551484 0.604275
2 0.552889 0.558465 0.578167 0.606457
2 0.596423 0.568281 0.623107 0.608639
2 0.707367 0.512652 0.742476 0.541012
2 0.507949 0.542103 0.538845 0.614093
