3 0.277271 0.460079 0.018561 0.106021
3 0.287816 0.458115 0.019404 0.099476
3 0.320720 0.462042 0.022779 0.104712
2 0.279802 0.619110 0.035434 0.052356
2 0.332531 0.638743 0.016030 0.039267
2 0.367122 0.655759 0.022779 0.041885
2 0.636253 0.654450 0.019404 0.036649
2 0.680124 0.628927 0.016030 0.032723
2 0.719355 0.614529 0.035434 0.043194
2 0.691092 0.546466 0.036278 0.045812
2 0.374715 0.557592 0.019404 0.044503
2 0.288238 0.540576 0.025310 0.054974
1 0.328735 0.551702 0.048933 0.061518
6 0.192518 0.640858 0.122008 0.152034
