8 0.383054 0.712771 0.033092 0.052315
8 0.425512 0.717527 0.026848 0.087984
8 0.459853 0.723472 0.030594 0.111763
8 0.355270 0.581390 0.018731 0.115330
8 0.380245 0.579012 0.011239 0.096307
8 0.401786 0.567122 0.014361 0.070149
8 0.265360 0.527292 0.016234 0.030913
4 0.534778 0.625382 0.011863 0.072527
4 0.543207 0.628354 0.007493 0.076094
4 0.561626 0.649756 0.009366 0.040425
4 0.605957 0.637866 0.010614 0.068960
5 0.535090 0.676508 0.008741 0.086795
5 0.568494 0.687208 0.010614 0.082039
5 0.601586 0.692559 0.014361 0.085606
5 0.642483 0.700287 0.011239 0.091551
5 0.512300 0.674130 0.010614 0.103440
