2 0.310077 0.655457 0.031112 0.054370
2 0.341188 0.656464 0.015556 0.030205
2 0.440033 0.594039 0.014908 0.044301
2 0.459802 0.584978 0.010371 0.040274
2 0.648418 0.660995 0.018149 0.039267
4 0.548925 0.591522 0.016204 0.043294
4 0.530128 0.586992 0.013611 0.036246
4 0.616630 0.662631 0.008953 0.029450
1 0.687462 0.668357 0.047397 0.057264
3 0.690622 0.750982 0.022119 0.091623
3 0.713004 0.728894 0.025805 0.088351
3 0.276493 0.731582 0.024075 0.103777
3 0.303276 0.743269 0.019862 0.112191
6 0.193289 0.439791 0.055612 0.128272
