3 0.316246 0.474630 0.023102 0.095944
3 0.336851 0.476247 0.009366 0.107802
3 0.251311 0.697242 0.036838 0.094866
3 0.275350 0.704249 0.019980 0.098100
7 0.248501 0.758690 0.056194 0.075462
2 0.286588 0.629866 0.047453 0.061447
2 0.274101 0.547936 0.036214 0.057135
2 0.324363 0.560872 0.036838 0.074384
2 0.667145 0.567879 0.026848 0.045277
2 0.722090 0.544163 0.043082 0.034497
2 0.718032 0.613695 0.031219 0.042043
2 0.653097 0.637412 0.031219 0.022638
2 0.350587 0.653043 0.021853 0.056057
4 0.625507 0.555123 0.010146 0.031532
4 0.684101 0.637895 0.006595 0.020146
4 0.693233 0.629574 0.010653 0.026277
4 0.582640 0.661106 0.012683 0.024525
