2 0.285251 0.532322 0.315399 0.573364
4 0.288730 0.516305 0.322937 0.544335
2 0.591952 0.544334 0.619202 0.583374
2 0.656308 0.529319 0.694573 0.593384
2 0.712546 0.565355 0.744434 0.592383
4 0.717765 0.538328 0.740375 0.567358
3 0.668484 0.424211 0.682398 0.525315
3 0.683557 0.427214 0.702110 0.522312
3 0.678339 0.689482 0.707328 0.778574
3 0.694573 0.680473 0.731099 0.754549
2 0.649350 0.616407 0.707908 0.682475
2 0.625000 0.626418 0.637176 0.670462
2 0.344968 0.617409 0.364100 0.672465
2 0.290468 0.590381 0.329894 0.647439
