2 0.296537 0.481418 0.033550 0.042043
2 0.342803 0.501038 0.035173 0.068203
2 0.411797 0.534672 0.038961 0.075677
2 0.442911 0.516921 0.010281 0.040174
2 0.461310 0.523461 0.016775 0.055123
2 0.486201 0.531869 0.028680 0.096232
2 0.543561 0.528599 0.017857 0.076612
2 0.562229 0.508979 0.008658 0.057926
2 0.578193 0.515519 0.009199 0.080349
2 0.611472 0.512716 0.016234 0.061663
2 0.635823 0.508045 0.021645 0.065400
2 0.698864 0.471141 0.039502 0.051386
2 0.736201 0.440776 0.029762 0.039240
2 0.747835 0.488425 0.027056 0.031766
2 0.292478 0.546818 0.054654 0.068203
2 0.705087 0.550555 0.053030 0.051386
1 0.662879 0.495432 0.024892 0.066334
3 0.656656 0.418353 0.015693 0.089692
3 0.686959 0.391259 0.008117 0.099034
3 0.706981 0.394062 0.014610 0.104640
7 0.700487 0.335669 0.027597 0.038306
3 0.422890 0.416018 0.015693 0.144814
10 0.489719 0.389391 0.010823 0.014949
3 0.487554 0.433769 0.014069 0.101837
2 0.647998 0.584657 0.024351 0.050452
2 0.617695 0.594467 0.033009 0.042043
2 0.322781 0.567372 0.016775 0.049517
5 0.451028 0.643984 0.009199 0.047649
5 0.485119 0.644451 0.011364 0.042977
5 0.511634 0.638378 0.009199 0.036437
5 0.541937 0.636509 0.008117 0.032700
5 0.571970 0.637911 0.008658 0.042977
5 0.603355 0.630437 0.009740 0.031766
5 0.639340 0.626232 0.007035 0.028963
5 0.742965 0.547752 0.012987 0.015883
5 0.407738 0.640247 0.005952 0.045780
5 0.437500 0.485155 0.003788 0.017751
5 0.321158 0.458528 0.008117 0.020554
5 0.578463 0.472542 0.005411 0.033634
5 0.547890 0.487024 0.007035 0.027094
5 0.615260 0.471141 0.005411 0.025226
5 0.646374 0.468805 0.009199 0.022423
5 0.719156 0.423025 0.005411 0.033634
8 0.767316 0.406208 0.016234 0.054189
3 0.348214 0.418821 0.020022 0.118654
