1 2 0.391219 0.527188 0.408106 0.575782
2 2 0.422178 0.536907 0.431560 0.577402
3 2 0.437189 0.543386 0.457829 0.575782
4 2 0.460643 0.532048 0.476592 0.580642
5 2 0.485036 0.543386 0.492541 0.566064
6 2 0.478469 0.538527 0.485036 0.574163
7 2 0.576039 0.517468 0.592927 0.582262
8 2 0.623885 0.502891 0.639834 0.540147
9 2 0.687682 0.601699 0.703631 0.625996
10 2 0.702693 0.577402 0.713013 0.598460
11 2 0.720519 0.543386 0.749602 0.583881
12 2 0.410921 0.608179 0.435314 0.647055
13 2 0.370579 0.617898 0.406230 0.651914
14 2 0.337743 0.601700 0.375269 0.668112
15 2 0.291772 0.588740 0.308659 0.619518
16 2 0.629515 0.606559 0.649217 0.619517
17 4 0.437190 0.522329 0.451263 0.538527
18 3 0.382775 0.671351 0.392157 0.783118
19 3 0.310536 0.660013 0.326485 0.715087
20 3 0.333052 0.672972 0.343372 0.742624
21 3 0.749602 0.606559 0.767427 0.634095
22 3 0.762736 0.587121 0.781499 0.616279
23 3 0.429685 0.421900 0.448447 0.512610
24 3 0.578854 0.413801 0.585421 0.510989
25 3 0.600432 0.439719 0.612628 0.515849
26 3 0.629516 0.431619 0.636082 0.515849
27 3 0.704569 0.399223 0.713013 0.504511
28 1 0.596679 0.530427 0.620133 0.569303
29 5 0.315227 0.467255 0.326485 0.519089
30 5 0.684867 0.459155 0.691434 0.506131
31 5 0.472840 0.663253 0.482222 0.690789
32 5 0.495356 0.658393 0.504738 0.694029
33 5 0.519748 0.660013 0.529130 0.690790
34 5 0.593864 0.656773 0.603246 0.685930
35 5 0.565720 0.658393 0.572287 0.695649
36 5 0.540388 0.664872 0.550708 0.695650
37 5 0.622947 0.653533 0.630453 0.679450
38 5 0.365889 0.663253 0.371518 0.697269
39 5 0.725209 0.608179 0.736467 0.634096
