3 0.289773 0.420119 0.320617 0.488789
3 0.318993 0.379478 0.345779 0.474774
3 0.353896 0.369667 0.375812 0.494395
3 0.386363 0.373871 0.404220 0.504204
3 0.599026 0.393491 0.609578 0.498599
3 0.629870 0.387885 0.645292 0.488788
3 0.618507 0.600903 0.644481 0.722827
3 0.655843 0.619121 0.675324 0.729835
3 0.674514 0.614918 0.702923 0.696200
3 0.703734 0.607910 0.728085 0.710214
3 0.724838 0.600903 0.754058 0.683587
3 0.399350 0.637340 0.411526 0.738243
7 0.694805 0.691995 0.718344 0.739645
2 0.218480 0.480899 0.248918 0.521774
2 0.256358 0.493745 0.301001 0.545131
2 0.416667 0.500753 0.430195 0.549803
2 0.577651 0.504256 0.589827 0.540460
2 0.690611 0.493745 0.699404 0.529949
2 0.715639 0.485570 0.732549 0.520606
2 0.706169 0.541627 0.739989 0.577831
2 0.641233 0.555642 0.689935 0.611699
2 0.607413 0.552138 0.639881 0.598852
2 0.395697 0.557978 0.426812 0.618707
0 0.336850 0.615202 0.374729 0.742499
1 0.312500 0.493745 0.378788 0.557977
1 0.386905 0.499585 0.413961 0.548635
1 0.592533 0.499584 0.621618 0.552138
1 0.622295 0.492577 0.650703 0.527613
