2 0.407467 0.552625 0.439123 0.630016
5 0.469967 0.608348 0.477272 0.657878
5 0.492695 0.614538 0.501623 0.671808
5 0.517857 0.605252 0.527597 0.657878
5 0.543831 0.611443 0.558441 0.665617
5 0.566558 0.606800 0.577110 0.654782
5 0.601461 0.588226 0.612013 0.642400
5 0.627435 0.585130 0.641233 0.640852
5 0.440747 0.595966 0.444805 0.653235
3 0.400973 0.620730 0.435877 0.724434
4 0.459416 0.549530 0.474026 0.583582
4 0.474838 0.561913 0.495942 0.588226
4 0.495941 0.544886 0.523539 0.588225
4 0.528409 0.555722 0.540585 0.588226
4 0.546266 0.551078 0.567370 0.582034
4 0.569804 0.551077 0.589286 0.580487
5 0.660714 0.569653 0.676948 0.628469
5 0.284902 0.569652 0.314123 0.603704
