2 0.235390 0.497197 0.016234 0.036437
2 0.324675 0.570772 0.035714 0.040641
2 0.353896 0.573575 0.034091 0.054656
2 0.389610 0.578480 0.012987 0.056057
2 0.462256 0.598100 0.008929 0.030831
2 0.510146 0.603706 0.013799 0.044846
2 0.614854 0.571473 0.010552 0.036437
2 0.633929 0.569371 0.011364 0.049050
2 0.677760 0.553955 0.040584 0.054656
2 0.724838 0.551152 0.032468 0.060262
2 0.756899 0.516116 0.017045 0.032233
2 0.679945 0.666070 0.046204 0.043444
2 0.715503 0.628231 0.020292 0.037839
2 0.351461 0.678682 0.011364 0.015416
2 0.378247 0.680785 0.009740 0.028029
2 0.346997 0.652055 0.013799 0.026627
2 0.300325 0.633837 0.035714 0.051853
3 0.484984 0.507007 0.020292 0.092494
3 0.671516 0.497269 0.006868 0.054979
3 0.688999 0.494035 0.008117 0.057135
4 0.727398 0.510744 0.012488 0.023717
