8 0.276292 0.533991 0.311943 0.622369
8 0.333334 0.523794 0.351158 0.584978
8 0.386809 0.513596 0.402853 0.632566
8 0.418895 0.503399 0.433155 0.598575
8 0.465241 0.510197 0.477719 0.605373
8 0.540107 0.503399 0.557932 0.612171
8 0.598931 0.493202 0.614974 0.591777
8 0.569222 0.553144 0.582294 0.596200
8 0.634582 0.550878 0.645276 0.612062
8 0.669044 0.546345 0.684493 0.618861
8 0.697564 0.550878 0.705882 0.605264
8 0.716578 0.555411 0.739156 0.634723
8 0.746286 0.548612 0.766488 0.596200
8 0.635769 0.714036 0.654783 0.800148
8 0.670232 0.709504 0.684492 0.768422
8 0.349377 0.709505 0.379086 0.772956
8 0.405229 0.709504 0.424243 0.793349
8 0.432561 0.655118 0.459893 0.791084
8 0.476530 0.661917 0.489602 0.791084
4 0.583482 0.643787 0.612002 0.725367
7 0.332738 0.768423 0.368389 0.834140
7 0.390968 0.775221 0.426619 0.836405
7 0.638146 0.813744 0.661914 0.850001
8 0.484848 0.541813 0.503862 0.582603
7 0.617943 0.804680 0.633393 0.838672
