8 0.236201 0.560057 0.280032 0.625701
8 0.606331 0.379887 0.633929 0.452514
8 0.633696 0.396647 0.666396 0.469274
8 0.658628 0.418993 0.698053 0.501397
8 0.697241 0.567040 0.732143 0.641064
8 0.740260 0.532123 0.765422 0.628494
8 0.713474 0.551677 0.745130 0.618717
4 0.410482 0.430967 0.418600 0.466881
4 0.435993 0.444934 0.445849 0.480848
4 0.565283 0.440943 0.583256 0.513771
4 0.724722 0.458900 0.740956 0.512772
4 0.648771 0.555671 0.669063 0.632487
4 0.620941 0.562654 0.631957 0.593580
4 0.596011 0.572630 0.605287 0.598568
4 0.586734 0.575623 0.599490 0.603556
4 0.552528 0.550682 0.562384 0.578615
4 0.529917 0.527737 0.547310 0.573627
4 0.475417 0.529732 0.487593 0.572630
4 0.495130 0.531727 0.504986 0.557665
4 0.293947 0.555670 0.326415 0.599565
4 0.326415 0.550682 0.357723 0.587594
4 0.376855 0.568639 0.389031 0.611537
8 0.384393 0.385077 0.409323 0.441941
13 0.523540 0.342178 0.567022 0.423984
13 0.383233 0.630491 0.431355 0.687356
13 0.591952 0.638473 0.614563 0.699329
13 0.368739 0.693343 0.507305 0.765172
13 0.351925 0.767166 0.502087 0.828022
5 0.342649 0.619518 0.378015 0.678378
5 0.415121 0.613533 0.427875 0.669399
5 0.461503 0.625503 0.488173 0.660421
5 0.505566 0.600563 0.516002 0.663413
5 0.534554 0.600563 0.541512 0.655432
5 0.560645 0.602559 0.565863 0.649447
5 0.627899 0.611537 0.636015 0.644459
5 0.591373 0.605552 0.598909 0.624507
5 0.327574 0.642464 0.347286 0.647452
5 0.443529 0.382084 0.466141 0.433960
4 0.376855 0.449922 0.384972 0.474863
7 0.362941 0.346169 0.389611 0.379091
5 0.350766 0.393058 0.358303 0.431965
2 0.460344 0.441941 0.489912 0.502796
1 0.496289 0.448924 0.524698 0.518758
3 0.473679 0.341181 0.485854 0.442939
3 0.500348 0.351157 0.516002 0.436953
