8 0.251851 0.439136 0.041288 0.119110
4 0.709810 0.477094 0.033704 0.035340
1 0.649142 0.525524 0.155041 0.079843
1 0.338219 0.537958 0.182004 0.146597
4 0.222781 0.606675 0.037075 0.085079
4 0.639031 0.668194 0.018537 0.051047
4 0.691273 0.620419 0.011797 0.039267
4 0.469525 0.577427 0.010371 0.053363
5 0.354476 0.685159 0.011019 0.043294
5 0.388504 0.697745 0.012963 0.034233
5 0.422533 0.700262 0.008426 0.031212
5 0.459154 0.699758 0.022038 0.058397
5 0.488970 0.699255 0.005185 0.057390
5 0.508739 0.696738 0.016204 0.058397
5 0.532396 0.693717 0.015556 0.060411
5 0.558647 0.690697 0.012315 0.056383
5 0.590407 0.692207 0.009722 0.045308
5 0.619250 0.694724 0.006482 0.028192
9 0.677909 0.686166 0.012315 0.015103
5 0.648418 0.680125 0.015556 0.043294
7 0.179796 0.655961 0.028519 0.067459
