8 0.327264 0.582461 0.362654 0.709423
8 0.628077 0.558901 0.650828 0.629582
8 0.650827 0.523561 0.686217 0.626964
8 0.749413 0.566754 0.778061 0.640052
8 0.773849 0.553665 0.802497 0.625655
8 0.703913 0.418848 0.733403 0.497382
8 0.633133 0.378273 0.669365 0.463352
7 0.639873 0.359948 0.672735 0.412304
7 0.703070 0.375655 0.739302 0.441099
7 0.730033 0.362565 0.763737 0.431937
4 0.735931 0.482984 0.756997 0.519633
9 0.744358 0.409686 0.769636 0.458116
5 0.419951 0.571989 0.426692 0.653141
5 0.455342 0.589005 0.475565 0.638743
5 0.482305 0.571990 0.493259 0.632198
5 0.508425 0.562827 0.517694 0.626963
5 0.526964 0.556283 0.544659 0.624345
5 0.554770 0.565444 0.562354 0.624345
5 0.591002 0.557592 0.605326 0.623036
5 0.538760 0.374345 0.543816 0.434554
5 0.569936 0.375655 0.576678 0.438481
8 0.335691 0.439791 0.363497 0.515707
5 0.283449 0.496073 0.296088 0.536649
8 0.425850 0.367802 0.455342 0.445026
8 0.392145 0.409687 0.420795 0.484293
