3 0.445456 0.440663 0.460904 0.560646
3 0.268508 0.633726 0.293084 0.735166
3 0.279743 0.654450 0.324681 0.726440
12 0.428604 0.606457 0.559910 0.658813
13 0.164585 0.671902 0.342236 0.790794
13 0.153351 0.715533 0.316958 0.880236
13 0.717900 0.617365 0.858336 0.820245
13 0.376643 0.846423 0.464415 0.948954
13 0.485480 0.800611 0.526908 0.938045
13 0.536037 0.818063 0.581678 0.930410
0 0.674365 0.675174 0.712985 0.776614
1 0.628021 0.590096 0.689813 0.665358
2 0.283955 0.587915 0.335917 0.644633
2 0.623808 0.529014 0.659620 0.567190
2 0.678578 0.521378 0.710878 0.563918
4 0.709475 0.501745 0.722816 0.538831
4 0.279040 0.533377 0.293786 0.550829
5 0.439839 0.658813 0.449669 0.687173
5 0.465117 0.653359 0.474947 0.677357
5 0.493204 0.655541 0.499524 0.681719
5 0.512163 0.654450 0.521993 0.683900
5 0.539547 0.656632 0.552889 0.683901
5 0.573251 0.646815 0.585189 0.687173
5 0.601339 0.645724 0.607659 0.671902
5 0.411751 0.641361 0.416666 0.678447
5 0.305020 0.489747 0.315553 0.524651
5 0.670153 0.485383 0.680685 0.521378
5 0.494609 0.520288 0.498120 0.561737
5 0.520589 0.523560 0.527611 0.561736
5 0.545165 0.518106 0.551485 0.555192
5 0.437030 0.507199 0.443350 0.545375
