8 0.282902 0.556828 0.018959 0.055628
8 0.307127 0.569917 0.018257 0.057810
8 0.377696 0.574280 0.031598 0.112347
8 0.613276 0.591187 0.014044 0.071990
8 0.641714 0.591732 0.018959 0.020724
8 0.714741 0.567190 0.017554 0.078534
8 0.392442 0.769524 0.024576 0.081806
7 0.284658 0.531741 0.029491 0.042539
7 0.718602 0.529014 0.022470 0.047993
4 0.238314 0.687173 0.030896 0.045812
4 0.208120 0.668085 0.021065 0.029450
4 0.261135 0.597731 0.025981 0.061082
4 0.262188 0.708442 0.022470 0.044721
4 0.556049 0.661540 0.014746 0.038176
4 0.402623 0.630999 0.012639 0.031632
4 0.761084 0.612456 0.025981 0.057810
5 0.583434 0.752618 0.007724 0.039267
5 0.546569 0.744983 0.007022 0.039267
5 0.519535 0.740620 0.011937 0.037086
5 0.470032 0.736802 0.007022 0.040358
5 0.441243 0.737893 0.008426 0.027269
9 0.251655 0.758617 0.019661 0.022906
5 0.427901 0.614092 0.015448 0.047993
5 0.400166 0.594459 0.016150 0.039267
5 0.548676 0.601003 0.009830 0.056719
5 0.483022 0.617910 0.011937 0.044721
5 0.458446 0.625545 0.010533 0.046902
5 0.573252 0.611911 0.007022 0.043630
5 0.602041 0.607548 0.007022 0.045812
5 0.743179 0.576462 0.011235 0.068717
9 0.681387 0.588460 0.019661 0.029450
9 0.335916 0.573189 0.021065 0.029450
5 0.610467 0.763525 0.011235 0.061082
5 0.242527 0.717714 0.030896 0.039267
