12 0.497051 0.375654 0.422148 0.178010
3 0.403942 0.364529 0.015167 0.087696
3 0.446915 0.382853 0.011797 0.103403
3 0.490731 0.370419 0.020223 0.125654
3 0.531598 0.374346 0.014324 0.112565
3 0.607012 0.376963 0.013482 0.089005
3 0.709389 0.597513 0.032862 0.119110
3 0.727926 0.575262 0.039603 0.111257
2 0.700542 0.507199 0.055612 0.051047
2 0.311255 0.499346 0.037075 0.043194
2 0.410262 0.452880 0.026121 0.062827
2 0.451129 0.467932 0.020223 0.051047
2 0.485676 0.456806 0.011797 0.044503
2 0.531177 0.458770 0.023593 0.040576
2 0.597322 0.454843 0.017695 0.051047
2 0.558140 0.521597 0.006741 0.017016
