2 0.520833 0.552100 0.541125 0.594665
2 0.560065 0.543072 0.568859 0.575318
2 0.581033 0.544362 0.593209 0.583058
4 0.585092 0.526304 0.592532 0.541782
2 0.597267 0.558550 0.603355 0.581767
4 0.615531 0.543072 0.627030 0.581768
4 0.723755 0.500507 0.735931 0.536623
4 0.670996 0.611434 0.704816 0.690115
4 0.580356 0.646260 0.608089 0.701724
4 0.466721 0.641100 0.473485 0.665608
4 0.357143 0.525014 0.366613 0.550812
4 0.374729 0.523724 0.384875 0.561130
2 0.450487 0.535332 0.463339 0.599825
2 0.468750 0.546941 0.474838 0.585637
3 0.307765 0.412797 0.328057 0.485029
3 0.329410 0.401189 0.338204 0.486319
3 0.390286 0.426986 0.408550 0.510826
3 0.418019 0.389580 0.437635 0.510826
3 0.692640 0.673346 0.714285 0.767506
3 0.716315 0.669477 0.742019 0.749448
3 0.595915 0.706883 0.610120 0.803621
3 0.394346 0.673347 0.422079 0.779115
7 0.706169 0.750738 0.729843 0.808782
7 0.732549 0.740419 0.746077 0.776535
8 0.740666 0.436014 0.755547 0.521144
8 0.750812 0.425696 0.775838 0.505667
4 0.652733 0.530173 0.662203 0.550811
2 0.510687 0.555970 0.519481 0.581767
5 0.460633 0.674637 0.466045 0.706883
5 0.489718 0.674637 0.499188 0.704303
5 0.517451 0.679796 0.530303 0.705593
5 0.549919 0.678506 0.557359 0.706883
5 0.611472 0.682375 0.622970 0.710753
5 0.640558 0.666898 0.649351 0.697854
5 0.514070 0.513406 0.528950 0.544362
5 0.472131 0.506956 0.480249 0.534044
5 0.562770 0.501796 0.568182 0.530174
5 0.425460 0.660449 0.434930 0.692695
5 0.399080 0.650130 0.407873 0.690114
