2 0.329779 0.401675 0.031813 0.089950
2 0.376662 0.421061 0.023441 0.054280
2 0.395499 0.421836 0.027627 0.046526
2 0.636191 0.410205 0.033488 0.029467
2 0.608564 0.397022 0.021767 0.031017
2 0.609819 0.500155 0.020930 0.060484
2 0.660051 0.376861 0.019255 0.034119
2 0.413498 0.521867 0.018418 0.029467
2 0.651260 0.505583 0.011721 0.037221
2 0.473357 0.441998 0.010883 0.034119
2 0.311780 0.345844 0.014232 0.043424
2 0.696050 0.352047 0.014232 0.040323
8 0.398010 0.583127 0.024278 0.108561
8 0.585122 0.590881 0.025116 0.102357
7 0.398429 0.652140 0.016744 0.038772
7 0.587331 0.652870 0.030090 0.058112
7 0.333170 0.304198 0.019846 0.055740
5 0.418317 0.367647 0.017286 0.049810
5 0.374143 0.574004 0.022407 0.047438
