13 0.252594 0.255675 0.354010 0.428738
13 0.385849 0.200702 0.468396 0.422630
13 0.521462 0.159981 0.608726 0.432810
13 0.637028 0.210882 0.714858 0.422630
13 0.211320 0.713784 0.372877 0.892956
13 0.635849 0.681207 0.864623 0.850199
12 0.218396 0.457243 0.744340 0.695461
3 0.609905 0.396162 0.641745 0.514252
3 0.588680 0.418558 0.621698 0.544794
7 0.409434 0.728036 0.447170 0.795225
7 0.539151 0.717856 0.589859 0.803370
7 0.566274 0.719893 0.609906 0.780973
7 0.448349 0.719893 0.479009 0.762649
7 0.480189 0.717857 0.503773 0.750434
7 0.494339 0.711749 0.527358 0.758578
