1 0.217217 0.538468 0.721934 0.663032
6 0.692452 0.377268 0.825708 0.543964
3 0.594576 0.472523 0.627594 0.608078
3 0.550944 0.432222 0.596934 0.600750
3 0.503773 0.476187 0.539150 0.589759
3 0.468396 0.492673 0.503773 0.589759
2 0.356368 0.696006 0.397642 0.747297
2 0.404716 0.714324 0.437735 0.761951
2 0.547406 0.716155 0.585142 0.763783
2 0.583963 0.714324 0.620520 0.763782
3 0.341038 0.463363 0.369340 0.600750
3 0.296226 0.479850 0.330424 0.600750
3 0.266746 0.441381 0.303302 0.575105
2 0.631132 0.692341 0.679481 0.739969
6 0.203067 0.428559 0.266746 0.562281
