12 0.478420 0.640487 0.484670 0.199532
13 0.345755 0.418558 0.089623 0.215820
13 0.447170 0.406342 0.073113 0.203604
13 0.566274 0.378856 0.087264 0.213784
13 0.688915 0.423648 0.103774 0.173063
13 0.693042 0.827803 0.142689 0.089586
13 0.294458 0.808460 0.145047 0.111982
3 0.544458 0.577370 0.020047 0.142523
3 0.516745 0.562099 0.023585 0.128271
3 0.483726 0.559045 0.023585 0.150667
3 0.404127 0.549883 0.022406 0.164919
3 0.516156 0.780974 0.017689 0.126235
0 0.365212 0.550901 0.050708 0.134379
7 0.459552 0.836965 0.031840 0.059045
