13 0.296227 0.302504 0.416510 0.467423
13 0.395283 0.227171 0.480189 0.451135
13 0.533255 0.221062 0.605189 0.463351
13 0.600471 0.331009 0.694811 0.461315
13 0.605189 0.772829 0.792689 0.862415
13 0.212500 0.736181 0.364623 0.817623
12 0.395283 0.664919 0.573349 0.744325
3 0.316273 0.424667 0.362264 0.538685
3 0.650000 0.434847 0.681840 0.548865
2 0.442453 0.599766 0.470755 0.652703
2 0.520283 0.605874 0.548585 0.646595
2 0.642925 0.532577 0.679481 0.618091
2 0.637028 0.654740 0.680660 0.701569
2 0.303302 0.607911 0.354010 0.673064
2 0.462500 0.591622 0.487264 0.634378
2 0.688914 0.614019 0.750235 0.666956
