12 0.500236 0.688334 0.193396 0.083478
3 0.257901 0.501018 0.045991 0.087550
3 0.305660 0.506108 0.051887 0.093658
3 0.353420 0.489820 0.036557 0.134379
3 0.533255 0.489820 0.037736 0.118090
3 0.571580 0.516288 0.029481 0.073297
3 0.723113 0.506108 0.042453 0.109946
3 0.675943 0.493892 0.051887 0.101802
1 0.670047 0.571261 0.047170 0.085514
1 0.672995 0.691388 0.043632 0.081442
0 0.678891 0.783010 0.036557 0.093658
2 0.724882 0.661865 0.057783 0.063117
3 0.246108 0.750433 0.057783 0.109946
2 0.267335 0.675099 0.071934 0.073297
1 0.534434 0.603838 0.051887 0.077370
1 0.634080 0.583478 0.041274 0.069225
3 0.636439 0.494910 0.031840 0.091622
12 0.558019 0.609946 0.174528 0.073297
