13 0.380542 0.410414 0.147406 0.342055
12 0.498467 0.590604 0.258255 0.087550
12 0.500825 0.644559 0.213443 0.069225
3 0.609316 0.781992 0.038915 0.160847
0 0.683608 0.772829 0.045991 0.093658
2 0.724882 0.660847 0.069575 0.081442
3 0.724292 0.500000 0.051887 0.101802
3 0.672995 0.491856 0.043632 0.101802
3 0.631132 0.485748 0.030660 0.118090
10 0.561557 0.486766 0.033019 0.046829
3 0.524410 0.476586 0.034198 0.124198
3 0.246108 0.481676 0.031840 0.126235
3 0.280896 0.501018 0.051887 0.116054
3 0.231958 0.745343 0.064858 0.124198
1 0.674764 0.567189 0.058962 0.073297
1 0.559198 0.585514 0.025943 0.069225
1 0.625236 0.574315 0.049528 0.103838
2 0.631722 0.658811 0.029481 0.040721
