13 0.336007 0.443063 0.098039 0.144650
13 0.455437 0.336884 0.094474 0.246212
13 0.546346 0.343040 0.058824 0.258523
13 0.678253 0.424598 0.119430 0.150805
13 0.761141 0.796993 0.146168 0.058475
13 0.714795 0.841619 0.117647 0.073864
13 0.262923 0.781605 0.140820 0.064631
13 0.287879 0.869318 0.172906 0.080019
2 0.253119 0.598011 0.033274 0.036932
2 0.304219 0.618529 0.047534 0.057449
2 0.535354 0.632891 0.022579 0.028725
2 0.636364 0.631866 0.022579 0.038984
2 0.699346 0.612374 0.024955 0.053346
2 0.752822 0.588778 0.024955 0.034880
2 0.566845 0.624684 0.014260 0.036932
2 0.635769 0.696496 0.016637 0.028725
2 0.718360 0.688289 0.024955 0.041035
12 0.510398 0.692393 0.143791 0.032828
3 0.535354 0.553898 0.005942 0.112847
3 0.570410 0.550821 0.007130 0.119003
3 0.402258 0.760101 0.013072 0.069760
3 0.230541 0.681108 0.049911 0.047191
3 0.252525 0.706755 0.027332 0.041035
3 0.754011 0.727273 0.024955 0.065657
3 0.764706 0.686237 0.029709 0.057449
3 0.647653 0.760101 0.023767 0.061553
7 0.223411 0.733428 0.011884 0.016414
7 0.395128 0.824732 0.027332 0.034880
7 0.240642 0.754972 0.017825 0.038984
5 0.423054 0.771386 0.014260 0.030777
5 0.459893 0.779593 0.009507 0.030777
5 0.484848 0.782670 0.007130 0.045139
5 0.508616 0.769334 0.009507 0.038984
5 0.532383 0.761127 0.009507 0.051294
5 0.628639 0.748816 0.016637 0.034880
5 0.721331 0.540562 0.009507 0.041035
