1 0.310378 0.509147 0.364623 0.595135
3 0.305661 0.408524 0.363444 0.509148
6 0.152358 0.595135 0.256132 0.706736
2 0.267925 0.593305 0.308019 0.655509
2 0.335142 0.628066 0.394104 0.692099
2 0.612264 0.637213 0.648821 0.686610
2 0.698349 0.595135 0.745519 0.646361
2 0.646462 0.609771 0.697170 0.666486
2 0.664151 0.514637 0.713679 0.564033
2 0.632311 0.542079 0.657075 0.584157
3 0.264386 0.410353 0.309198 0.532931
2 0.250235 0.510977 0.311556 0.565863
2 0.359905 0.529273 0.401179 0.602453
12 0.477830 0.556715 0.525000 0.624407
