8 0.297683 0.607073 0.053476 0.118970
8 0.766488 0.350438 0.032086 0.115571
4 0.751337 0.494901 0.037433 0.044189
8 0.446190 0.373958 0.018939 0.149014
7 0.819073 0.600274 0.048128 0.118970
4 0.461787 0.472897 0.005570 0.019120
4 0.499666 0.470772 0.005570 0.019120
1 0.612188 0.449528 0.145945 0.091352
4 0.392932 0.563216 0.007750 0.014779
4 0.401070 0.567650 0.005425 0.017735
9 0.764391 0.544054 0.018874 0.035991
9 0.283108 0.525059 0.014680 0.033991
5 0.461361 0.617035 0.010485 0.057985
5 0.485478 0.607038 0.008388 0.041989
5 0.539478 0.601040 0.005243 0.049987
5 0.565167 0.604039 0.010485 0.051987
