1 0.370766 0.560902 0.181818 0.050545
1 0.574866 0.541548 0.076649 0.070786
2 0.330817 0.610030 0.038796 0.030777
3 0.609731 0.454337 0.009437 0.077846
5 0.557678 0.693148 0.011884 0.063019
5 0.584416 0.676294 0.005942 0.038104
5 0.613700 0.668234 0.006791 0.036639
5 0.644682 0.670432 0.004244 0.032242
5 0.275444 0.483085 0.011035 0.047384
5 0.279635 0.633730 0.013369 0.023082
5 0.763703 0.651042 0.014483 0.019235
5 0.705214 0.536592 0.015597 0.040394
5 0.749220 0.516394 0.005570 0.034624
5 0.402741 0.513509 0.012255 0.028853
5 0.446190 0.514471 0.007799 0.042318
