3 0.364849 0.606587 0.394349 0.741293
3 0.237541 0.566618 0.300419 0.699844
3 0.345443 0.264638 0.386586 0.436352
3 0.382705 0.340133 0.406770 0.421549
3 0.307405 0.292764 0.343114 0.415628
4 0.314392 0.514808 0.336128 0.565138
4 0.350101 0.520729 0.369507 0.596225
4 0.249962 0.381582 0.274803 0.417108
6 0.776277 0.460037 0.843813 0.661357
8 0.379599 0.320889 0.409875 0.461517
2 0.341561 0.415628 0.384257 0.495564
2 0.285670 0.411187 0.346996 0.482241
2 0.232107 0.371219 0.254619 0.440793
2 0.270144 0.480761 0.308958 0.574020
2 0.353206 0.537012 0.375718 0.578460
2 0.362522 0.443754 0.383481 0.489642
1 0.366403 0.519249 0.405993 0.616947
