12 0.363444 0.552937 0.706604 0.658811
2 0.264386 0.530541 0.341037 0.603838
2 0.726650 0.483712 0.787971 0.528505
2 0.250235 0.467423 0.317452 0.522397
2 0.305660 0.489819 0.390566 0.548864
3 0.322169 0.375802 0.370518 0.487784
3 0.405896 0.341189 0.435377 0.481676
2 0.397642 0.504073 0.437736 0.559045
2 0.436557 0.491856 0.471934 0.548865
10 0.470755 0.365621 0.510849 0.422630
3 0.481368 0.392089 0.504953 0.528505
2 0.469576 0.467423 0.499057 0.569225
2 0.526180 0.487784 0.543869 0.565154
2 0.566273 0.475568 0.589858 0.548864
2 0.596934 0.459279 0.627594 0.542757
2 0.622877 0.467423 0.651179 0.538685
3 0.639386 0.341189 0.674763 0.473531
3 0.679481 0.320828 0.711321 0.455207
2 0.718396 0.430775 0.752594 0.475567
