6 0.258467 0.263031 0.042507 0.133351
6 0.780200 0.278719 0.046620 0.117662
6 0.811737 0.521888 0.046620 0.133351
6 0.198135 0.500970 0.053476 0.128121
8 0.281091 0.566338 0.019196 0.075827
8 0.316742 0.583334 0.019196 0.078442
7 0.263266 0.635628 0.021939 0.041836
7 0.301659 0.644780 0.027424 0.054909
7 0.726039 0.661776 0.017825 0.062753
7 0.329768 0.690538 0.028795 0.067983
4 0.703414 0.531040 0.041135 0.041836
4 0.272864 0.405533 0.021939 0.047065
4 0.736631 0.441201 0.022282 0.056086
4 0.737522 0.523630 0.002674 0.016996
4 0.729947 0.533828 0.003565 0.027193
4 0.277566 0.494649 0.011884 0.033991
4 0.259740 0.473607 0.003395 0.014568
5 0.262287 0.558585 0.016976 0.025898
