7 0.532213 0.403308 0.548765 0.458266
7 0.560225 0.387919 0.588236 0.484645
6 0.711739 0.392316 0.749937 0.508827
4 0.640438 0.533009 0.654444 0.587967
4 0.303031 0.541766 0.340558 0.559584
4 0.485036 0.559584 0.497232 0.577402
4 0.506614 0.559584 0.514120 0.582261
4 0.679238 0.637335 0.687682 0.660013
4 0.291772 0.664872 0.309597 0.681070
2 0.300216 0.556345 0.357444 0.588741
2 0.454076 0.577403 0.460643 0.624378
2 0.464396 0.577402 0.475654 0.630856
2 0.547894 0.574163 0.556338 0.614657
2 0.486912 0.682690 0.490665 0.713468
2 0.490665 0.687549 0.500985 0.718326
2 0.295525 0.637335 0.325547 0.682690
1 0.497233 0.567684 0.534760 0.647055
3 0.549770 0.425140 0.570410 0.608178
3 0.517872 0.426759 0.543203 0.591981
5 0.491604 0.721566 0.496295 0.747483
5 0.511305 0.718326 0.518811 0.741004
4 0.571348 0.687550 0.576978 0.708608
4 0.733652 0.630856 0.744910 0.645434
