1 0.398098 0.506782 0.437314 0.602732
1 0.445632 0.523388 0.469399 0.586125
1 0.478907 0.521543 0.502673 0.584280
1 0.513369 0.527079 0.528818 0.587971
1 0.539513 0.514162 0.553773 0.580589
1 0.559715 0.510472 0.583482 0.595351
1 0.591801 0.528925 0.613191 0.597197
1 0.619133 0.558447 0.639335 0.615649
4 0.622698 0.543686 0.635770 0.547376
3 0.411170 0.460651 0.415924 0.514162
3 0.510993 0.475414 0.519311 0.539996
3 0.646464 0.479105 0.663102 0.554758
3 0.664289 0.473569 0.679739 0.558447
7 0.406416 0.425593 0.421866 0.462497
7 0.663102 0.453271 0.685680 0.492021
8 0.615567 0.643327 0.640522 0.728205
8 0.589424 0.659933 0.610814 0.748503
5 0.312537 0.624874 0.318479 0.669159
5 0.369578 0.626720 0.374331 0.678386
5 0.405229 0.647016 0.413547 0.682075
5 0.437314 0.635946 0.444444 0.685766
5 0.467023 0.632255 0.471776 0.683921
5 0.490790 0.641482 0.496732 0.685766
5 0.508616 0.648862 0.516934 0.682076
5 0.534759 0.643327 0.538324 0.682075
5 0.557338 0.643326 0.563280 0.696837
5 0.579917 0.648862 0.588235 0.689456
5 0.595365 0.501246 0.602495 0.534460
5 0.613190 0.512317 0.617943 0.541840
