13 0.300943 0.426702 0.346934 0.522396
13 0.588679 0.398198 0.655896 0.500000
13 0.736085 0.489820 0.856367 0.772830
13 0.328066 0.662883 0.573349 0.927569
13 0.601651 0.695460 0.648821 0.780974
13 0.241981 0.593657 0.276179 0.738217
6 0.192453 0.314720 0.276179 0.432810
6 0.726650 0.296396 0.812735 0.426702
6 0.170047 0.499999 0.238443 0.638451
2 0.344576 0.483711 0.403538 0.548864
2 0.560377 0.508144 0.576887 0.554974
2 0.357547 0.597730 0.372877 0.634378
4 0.369340 0.591621 0.390566 0.630306
