2 0.232547 0.495928 0.035377 0.081442
2 0.321580 0.565153 0.045991 0.089586
2 0.355189 0.571261 0.049528 0.085514
2 0.387028 0.580424 0.037736 0.063117
2 0.405896 0.583478 0.030660 0.061081
2 0.606958 0.579406 0.043632 0.061081
2 0.637028 0.571261 0.044811 0.085514
2 0.710731 0.557009 0.060142 0.081442
2 0.752594 0.524432 0.054245 0.081442
2 0.681250 0.678154 0.067217 0.046829
2 0.721344 0.630307 0.064858 0.065153
2 0.305071 0.640487 0.048349 0.085514
2 0.377594 0.682226 0.025943 0.038685
2 0.339269 0.659829 0.027123 0.038685
2 0.456014 0.597730 0.024764 0.065153
2 0.509670 0.604856 0.016509 0.046829
1 0.479599 0.597730 0.060142 0.097730
3 0.486085 0.497964 0.035377 0.101802
1 0.675354 0.552937 0.053066 0.040721
3 0.676533 0.509162 0.041274 0.059045
