1 0.284434 0.508144 0.717216 0.618090
1 0.302123 0.605874 0.731367 0.675100
3 0.287972 0.422630 0.349293 0.524432
3 0.363443 0.426702 0.391745 0.552937
3 0.416509 0.410415 0.444811 0.579406
3 0.438915 0.414486 0.475471 0.573298
3 0.470755 0.438919 0.501415 0.561081
3 0.503773 0.442991 0.533255 0.569226
3 0.528538 0.422631 0.566274 0.561082
3 0.561557 0.418558 0.595755 0.573298
3 0.592217 0.418558 0.618161 0.552937
3 0.621698 0.418558 0.650000 0.548866
10 0.660613 0.388018 0.707783 0.548864
3 0.685377 0.626235 0.749057 0.768757
3 0.355189 0.601802 0.392925 0.817622
3 0.391745 0.671028 0.436557 0.793190
10 0.391745 0.744325 0.425943 0.819659
13 0.553302 0.795226 0.639386 0.972362
13 0.382312 0.801334 0.470754 0.984578
