13 0.296226 0.372747 0.084906 0.140487
13 0.427123 0.300468 0.106132 0.268757
13 0.696580 0.429757 0.123821 0.124198
2 0.706014 0.517306 0.057783 0.063117
4 0.339858 0.525451 0.023585 0.042757
4 0.313325 0.534613 0.034198 0.061081
2 0.263208 0.587550 0.044811 0.052937
3 0.329835 0.728037 0.034198 0.130307
3 0.369340 0.716838 0.023585 0.116054
3 0.412382 0.707676 0.020047 0.150667
2 0.395283 0.648631 0.063679 0.024432
1 0.332193 0.634379 0.043632 0.073297
1 0.373467 0.623180 0.041274 0.079406
2 0.416509 0.604856 0.033019 0.063117
