13 0.244340 0.748397 0.378774 0.866487
13 0.275000 0.310648 0.354009 0.530540
13 0.391745 0.172198 0.467217 0.428739
13 0.556839 0.198666 0.632311 0.463352
13 0.618160 0.243458 0.708962 0.487783
13 0.615802 0.744325 0.751414 0.866487
12 0.430661 0.638451 0.581604 0.719893
12 0.442453 0.559045 0.579245 0.660847
3 0.369340 0.438919 0.394104 0.546829
3 0.400000 0.426702 0.430660 0.571261
3 0.238443 0.620127 0.306839 0.756541
3 0.639387 0.662883 0.708962 0.785045
3 0.608726 0.687316 0.659434 0.795226
3 0.293868 0.664919 0.377594 0.762649
3 0.626414 0.426702 0.678302 0.516288
1 0.585141 0.628271 0.633490 0.695460
2 0.259670 0.510181 0.324528 0.583477
2 0.245519 0.589587 0.320991 0.662883
4 0.692453 0.497963 0.727830 0.546828
