8 0.253653 0.575069 0.012175 0.075843
8 0.273539 0.585904 0.017857 0.100608
8 0.288149 0.595965 0.011364 0.080487
8 0.310877 0.601382 0.022727 0.088226
8 0.331981 0.559591 0.016234 0.082034
8 0.398539 0.549530 0.027597 0.083582
8 0.604302 0.524765 0.028409 0.102156
8 0.653815 0.562687 0.012175 0.097513
8 0.676136 0.575843 0.014610 0.061913
7 0.656656 0.506965 0.021104 0.032504
7 0.679789 0.541017 0.020292 0.044887
8 0.389205 0.739912 0.028409 0.089774
8 0.432224 0.550304 0.017045 0.078939
8 0.463474 0.550304 0.022727 0.088226
8 0.516640 0.550304 0.023539 0.109895
8 0.551542 0.541017 0.021916 0.075843
4 0.354708 0.676452 0.034091 0.034052
4 0.415584 0.640852 0.025974 0.037148
4 0.420455 0.705860 0.022727 0.055722
4 0.446023 0.673356 0.008929 0.055722
4 0.453734 0.625373 0.021104 0.018574
4 0.482549 0.630017 0.025162 0.015478
4 0.573052 0.643947 0.029221 0.034052
4 0.610795 0.656330 0.028409 0.034052
4 0.632305 0.680321 0.004870 0.044887
4 0.690747 0.630017 0.047078 0.074295
5 0.464286 0.690382 0.006494 0.083582
5 0.555601 0.692704 0.007305 0.044887
5 0.595373 0.695025 0.013799 0.046435
5 0.625000 0.698895 0.004870 0.054174
