7 0.682495 0.810235 0.716992 0.858117
2 0.321294 0.642063 0.375406 0.707463
2 0.627706 0.654910 0.665585 0.706296
2 0.673025 0.652574 0.682495 0.691114
4 0.683847 0.658413 0.690611 0.702792
4 0.308441 0.650238 0.321293 0.692281
7 0.656792 0.816074 0.681818 0.853445
3 0.637176 0.719142 0.666261 0.816074
3 0.662202 0.714471 0.695346 0.795053
6 0.727137 0.631552 0.798161 0.756514
6 0.192100 0.596517 0.276651 0.758849
3 0.295454 0.705180 0.337662 0.822900
3 0.326298 0.709852 0.362554 0.837848
4 0.628247 0.576248 0.643399 0.622028
