0 0.378664 0.345550 0.423322 0.455498
0 0.414054 0.375655 0.454498 0.488220
0 0.303671 0.651833 0.360127 0.767016
0 0.249745 0.611256 0.300301 0.709424
1 0.347487 0.443717 0.435961 0.582461
1 0.284291 0.562827 0.386247 0.655759
1 0.553927 0.503926 0.644929 0.600785
1 0.569341 0.575916 0.708125 0.695731
1 0.428378 0.530104 0.456184 0.595549
1 0.474722 0.541884 0.505056 0.604711
1 0.504213 0.543194 0.532861 0.609948
3 0.555612 0.428010 0.572464 0.534031
3 0.601113 0.420157 0.620493 0.498691
3 0.663467 0.649215 0.708125 0.704189
3 0.675264 0.604712 0.726662 0.676702
3 0.585104 0.704188 0.607012 0.789267
2 0.479247 0.646395 0.488969 0.688683
2 0.485080 0.651430 0.498692 0.710834
2 0.503229 0.648409 0.512951 0.718888
5 0.433875 0.659485 0.437765 0.697745
5 0.343781 0.679622 0.372949 0.728957
5 0.312021 0.666532 0.327577 0.698751
5 0.254983 0.598067 0.284799 0.650423
5 0.566101 0.685662 0.585545 0.745066
9 0.659436 0.626259 0.680826 0.658478
5 0.541471 0.685662 0.547304 0.718888
5 0.519433 0.679621 0.525266 0.734998
5 0.497396 0.697745 0.507767 0.748087
5 0.478600 0.692710 0.483137 0.752114
5 0.457857 0.676602 0.461747 0.720903
5 0.472117 0.523560 0.480543 0.544704
5 0.499340 0.531615 0.508414 0.547725
5 0.529804 0.521547 0.539526 0.548732
5 0.451377 0.506444 0.456562 0.540677
5 0.547952 0.491341 0.560916 0.538663
