0 0.309570 0.472513 0.025278 0.073298
0 0.370659 0.470550 0.029491 0.108639
2 0.706104 0.569875 0.024630 0.040274
2 0.753744 0.524567 0.033056 0.090616
4 0.769300 0.500403 0.013611 0.026178
4 0.758929 0.547221 0.025278 0.035240
4 0.286958 0.614365 0.006846 0.019634
5 0.372536 0.672039 0.010533 0.031904
5 0.412297 0.675720 0.006846 0.034359
5 0.451004 0.678992 0.007373 0.022906
5 0.482076 0.682673 0.008426 0.028632
5 0.503667 0.683901 0.007373 0.027814
5 0.529736 0.683082 0.011059 0.026178
5 0.561070 0.682264 0.012639 0.027814
5 0.278532 0.645861 0.007899 0.038449
5 0.468646 0.563236 0.003686 0.023724
5 0.504721 0.560782 0.008426 0.022088
5 0.548431 0.559146 0.003160 0.020452
