13 0.204545 0.772448 0.327381 0.864008
13 0.675866 0.760302 0.796536 0.830374
13 0.242965 0.304370 0.334415 0.439842
13 0.377706 0.155819 0.456710 0.392194
13 0.519481 0.194124 0.610931 0.440776
13 0.647727 0.282883 0.720779 0.469739
2 0.630953 0.657531 0.642858 0.689297
4 0.635281 0.661268 0.650433 0.699574
2 0.310065 0.438908 0.326299 0.568774
2 0.346861 0.523929 0.375541 0.579986
2 0.376623 0.523927 0.402057 0.591197
2 0.572511 0.545417 0.590909 0.585591
2 0.597403 0.527665 0.615801 0.580919
1 0.502706 0.524862 0.558982 0.627634
1 0.620671 0.507111 0.648809 0.565971
7 0.604978 0.393128 0.629870 0.427696
3 0.604437 0.416485 0.633117 0.517388
3 0.383117 0.431433 0.399892 0.534205
3 0.298701 0.410880 0.321429 0.493096
3 0.317100 0.388456 0.329546 0.492162
3 0.327381 0.422090 0.338745 0.491227
5 0.355519 0.640714 0.367965 0.697706
5 0.391774 0.658465 0.403680 0.709851
5 0.429653 0.669677 0.440476 0.722931
5 0.455086 0.674348 0.471320 0.727602
5 0.484308 0.681822 0.501082 0.733208
5 0.512987 0.673414 0.520021 0.699574
5 0.545454 0.667809 0.560606 0.730406
5 0.635822 0.655662 0.655844 0.704245
5 0.672079 0.636976 0.691018 0.684625
5 0.724567 0.615488 0.738637 0.642582
5 0.249459 0.590263 0.270022 0.633240
5 0.433983 0.516454 0.441559 0.564103
5 0.462121 0.511782 0.467533 0.552891
5 0.395563 0.510848 0.408550 0.550088
5 0.553030 0.493096 0.561688 0.535139
5 0.199675 0.553824 0.214827 0.601473
