7 0.451936 0.401857 0.030728 0.067347
7 0.710227 0.683388 0.041744 0.080595
7 0.248724 0.662411 0.020872 0.038642
7 0.231621 0.622113 0.019133 0.035329
4 0.281482 0.534342 0.026090 0.060722
4 0.307572 0.574640 0.040005 0.083907
4 0.491651 0.581816 0.018553 0.027601
4 0.516292 0.591200 0.024930 0.033121
4 0.531946 0.535446 0.024930 0.038642
4 0.563833 0.541518 0.020292 0.050786
4 0.486723 0.538758 0.023771 0.045266
4 0.453966 0.526614 0.024351 0.049682
8 0.696603 0.626530 0.033047 0.121445
8 0.726171 0.613833 0.040005 0.085011
7 0.749362 0.664619 0.030728 0.069555
8 0.679209 0.451539 0.023771 0.069555
8 0.701531 0.429458 0.017393 0.071763
8 0.721243 0.412345 0.018553 0.070659
8 0.740666 0.400753 0.027250 0.091636
4 0.785888 0.479140 0.016814 0.038642
4 0.762407 0.527718 0.016234 0.047474
8 0.228432 0.511709 0.028989 0.059618
8 0.249014 0.544830 0.031888 0.057410
4 0.756609 0.434426 0.006957 0.037538
5 0.420339 0.639226 0.009276 0.062931
5 0.454835 0.632050 0.012175 0.061826
5 0.479186 0.619905 0.015654 0.055202
5 0.501507 0.618801 0.011596 0.041954
5 0.532236 0.624874 0.013915 0.036433
5 0.558615 0.633154 0.016814 0.057410
5 0.595721 0.623217 0.019133 0.050786
5 0.777771 0.544278 0.020292 0.040850
5 0.734578 0.577952 0.017393 0.022081
5 0.364100 0.480244 0.005798 0.038642
5 0.386712 0.499013 0.006957 0.036433
5 0.410482 0.508397 0.009276 0.035329
5 0.553687 0.506189 0.006957 0.041954
5 0.438022 0.504533 0.007537 0.032017
5 0.466721 0.506741 0.005798 0.040850
5 0.581807 0.500669 0.006378 0.035329
5 0.496000 0.502877 0.005218 0.033121
5 0.643843 0.481900 0.008697 0.048578
9 0.757769 0.572983 0.015074 0.029809
