13 0.121213 0.472311 0.197862 0.607989
13 0.194297 0.599683 0.306596 0.746437
13 0.080214 0.638448 0.206774 0.785203
7 0.283834 0.333496 0.330454 0.399525
2 0.303030 0.482595 0.324970 0.529454
2 0.297545 0.567793 0.318113 0.618911
2 0.681475 0.606132 0.704785 0.640211
2 0.559441 0.512413 0.564925 0.552883
6 0.185108 0.286637 0.237213 0.431475
6 0.770602 0.265338 0.824078 0.439994
6 0.802139 0.527323 0.874811 0.655121
4 0.324969 0.572052 0.341423 0.627432
4 0.655080 0.611893 0.660650 0.632660
4 0.626113 0.618816 0.637255 0.649967
4 0.748664 0.565168 0.762033 0.580742
4 0.587121 0.514981 0.590463 0.535748
