12 0.268669 0.324821 0.367695 0.485986
12 0.400162 0.239333 0.487013 0.469168
12 0.544643 0.244940 0.628247 0.481782
12 0.650162 0.302398 0.740260 0.519620
12 0.633929 0.746652 0.757306 0.875584
12 0.116071 0.560262 0.317370 0.795702
12 0.159091 0.677981 0.258929 0.806913
2 0.280844 0.530832 0.324675 0.596698
2 0.367694 0.556057 0.396103 0.610713
2 0.690747 0.605108 0.728896 0.641545
2 0.625812 0.642946 0.648539 0.677982
12 0.425324 0.644347 0.573052 0.703207
4 0.333605 0.631735 0.361202 0.670975
7 0.375000 0.435534 0.400974 0.492994
3 0.377435 0.434133 0.388799 0.578480
3 0.232955 0.621924 0.255682 0.721426
3 0.249999 0.648552 0.274350 0.735441
2 0.240260 0.577079 0.287338 0.659763
10 0.524475 0.468702 0.560065 0.521525
10 0.329046 0.748988 0.362138 0.799655
2 0.643732 0.627170 0.691184 0.670291
