6 0.279163 0.477766 0.044643 0.135138
6 0.719504 0.470759 0.055659 0.131134
6 0.765306 0.647940 0.057978 0.119122
6 0.223794 0.640432 0.061456 0.146149
8 0.524988 0.552342 0.027250 0.090092
3 0.525858 0.539329 0.008117 0.050051
3 0.612245 0.556346 0.017393 0.090092
7 0.608476 0.503292 0.022611 0.036037
7 0.742115 0.733527 0.020872 0.034035
8 0.438602 0.568358 0.028409 0.088090
2 0.626160 0.620912 0.027829 0.031032
2 0.698922 0.578369 0.035366 0.034035
2 0.709647 0.645437 0.037106 0.066067
2 0.510784 0.734528 0.010436 0.026027
2 0.531656 0.735529 0.010436 0.038039
2 0.463532 0.731525 0.014494 0.032033
2 0.487883 0.733027 0.011016 0.029030
2 0.281482 0.646438 0.042324 0.074076
2 0.301774 0.585376 0.041164 0.046047
2 0.338010 0.622914 0.024351 0.039040
3 0.462952 0.549339 0.013335 0.068069
3 0.555717 0.566356 0.011016 0.102104
3 0.262929 0.705999 0.034207 0.083085
3 0.729650 0.696489 0.027250 0.078080
1 0.466141 0.618410 0.034787 0.066067
1 0.559775 0.642935 0.028409 0.063064
4 0.579487 0.646939 0.006378 0.035036
