4 0.331231 0.501042 0.025599 0.073306
4 0.296578 0.590518 0.027473 0.081930
4 0.286588 0.486489 0.013736 0.042043
4 0.632180 0.613695 0.051823 0.085164
9 0.651536 0.655738 0.026848 0.046355
7 0.668706 0.735512 0.033716 0.057135
7 0.696803 0.711257 0.027473 0.053901
2 0.536339 0.540390 0.021229 0.035575
4 0.524163 0.549553 0.011863 0.034497
2 0.348714 0.595369 0.026848 0.039887
2 0.403971 0.633639 0.018731 0.047433
2 0.582855 0.626093 0.020604 0.040965
5 0.474838 0.663284 0.006868 0.059291
5 0.513549 0.664902 0.003122 0.051745
5 0.494818 0.658972 0.009366 0.050667
5 0.454858 0.666519 0.005619 0.035575
7 0.259116 0.695086 0.032468 0.060369
