9 0.659903 0.637132 0.685065 0.697303
7 0.786527 0.665119 0.814935 0.725290
7 0.537337 0.737884 0.564935 0.807850
8 0.771104 0.602151 0.806006 0.705699
4 0.640151 0.591741 0.648268 0.611331
4 0.632035 0.599203 0.637987 0.615995
4 0.549242 0.609465 0.557900 0.660773
4 0.472943 0.573084 0.495671 0.587077
4 0.498918 0.565620 0.518940 0.580546
4 0.521104 0.574016 0.538420 0.590808
4 0.415585 0.571217 0.448593 0.604801
5 0.438852 0.617861 0.446970 0.679431
5 0.400974 0.608532 0.408550 0.668236
5 0.471861 0.608533 0.484307 0.675700
5 0.493506 0.618794 0.504870 0.680364
5 0.515151 0.624391 0.525432 0.681297
5 0.534632 0.618793 0.544372 0.674767
4 0.600649 0.636518 0.608225 0.662640
4 0.609307 0.640251 0.620671 0.664505
5 0.555736 0.656110 0.566017 0.699954
5 0.604978 0.641184 0.617966 0.685028
5 0.636363 0.607600 0.652056 0.671968
5 0.698592 0.673833 0.718074 0.709283
