8 0.384740 0.503096 0.411526 0.568104
8 0.639610 0.504644 0.691558 0.588226
4 0.544372 0.592336 0.556277 0.618133
4 0.296717 0.626897 0.308893 0.655275
4 0.287247 0.522849 0.299423 0.552086
4 0.376985 0.553805 0.384199 0.577022
5 0.399079 0.669033 0.408098 0.710307
5 0.427940 0.667312 0.435606 0.707728
5 0.458604 0.681071 0.464466 0.727506
5 0.479347 0.683651 0.487013 0.724926
5 0.501443 0.688810 0.511815 0.724066
5 0.527597 0.690530 0.533910 0.725786
5 0.551948 0.687951 0.559614 0.730945
5 0.586219 0.693109 0.594787 0.721487
5 0.615981 0.691389 0.622294 0.718907
5 0.571790 0.536608 0.579906 0.568424
5 0.539322 0.537467 0.548792 0.566704
5 0.501443 0.543487 0.512266 0.578743
5 0.470328 0.540047 0.476641 0.568424
5 0.437410 0.510810 0.450938 0.555526
5 0.300325 0.698269 0.313853 0.739544
9 0.273269 0.679352 0.289052 0.722347
4 0.405394 0.646675 0.414413 0.666453
