4 0.722632 0.617700 0.062872 0.077527
7 0.770920 0.733991 0.028519 0.036246
7 0.745318 0.752114 0.017500 0.032219
7 0.407949 0.818063 0.035001 0.045308
3 0.729762 0.695731 0.038242 0.106726
3 0.748883 0.680125 0.051853 0.097664
3 0.584250 0.719895 0.035001 0.118808
3 0.416051 0.741542 0.014908 0.125856
4 0.416699 0.680125 0.012315 0.059404
4 0.392393 0.639851 0.019445 0.063431
3 0.387208 0.715868 0.006482 0.118808
3 0.231649 0.664015 0.049260 0.113774
3 0.266650 0.684656 0.042779 0.132904
2 0.272807 0.591522 0.064168 0.065445
2 0.574851 0.635320 0.038242 0.046315
2 0.673372 0.534636 0.038242 0.040274
4 0.659112 0.497886 0.011019 0.021144
4 0.688604 0.516009 0.020741 0.021144
4 0.529804 0.547725 0.014260 0.022151
4 0.468877 0.541180 0.010371 0.023157
4 0.355124 0.533125 0.017500 0.033226
4 0.301651 0.518526 0.016852 0.036246
4 0.288363 0.514499 0.012315 0.018123
3 0.302623 0.469694 0.026575 0.067459
3 0.323688 0.442509 0.029815 0.117801
7 0.320771 0.384615 0.030464 0.032219
3 0.546656 0.468184 0.018149 0.088602
4 0.627028 0.530105 0.011667 0.033226
2 0.599805 0.538663 0.022038 0.046315
1 0.549249 0.551248 0.028519 0.065445
2 0.331466 0.526581 0.059631 0.062424
