6 0.258523 0.472744 0.054383 0.124398
1 0.485390 0.679608 0.396104 0.180307
4 0.559253 0.718745 0.040584 0.051716
7 0.620942 0.829166 0.021104 0.040534
7 0.580357 0.829865 0.019481 0.027955
4 0.386364 0.697080 0.021104 0.047523
4 0.404221 0.687995 0.014610 0.032148
4 0.589286 0.713853 0.021104 0.047523
4 0.703734 0.551017 0.016234 0.032148
7 0.577922 0.497903 0.042208 0.076875
8 0.426542 0.511182 0.036526 0.114614
2 0.290990 0.606926 0.023539 0.037739
4 0.287338 0.572682 0.025974 0.039136
5 0.375812 0.548222 0.017857 0.048921
5 0.340097 0.539835 0.008117 0.032148
5 0.550325 0.560801 0.014610 0.037739
5 0.671672 0.567790 0.010552 0.034943
5 0.586445 0.573381 0.017045 0.043330
5 0.435877 0.715950 0.006494 0.040534
5 0.400162 0.718046 0.014610 0.044727
5 0.601867 0.725734 0.013799 0.040534
7 0.506088 0.818683 0.028409 0.044727
3 0.512987 0.741109 0.014610 0.090853
3 0.622971 0.753688 0.018669 0.113216
