2 0.297089 0.478363 0.322043 0.525951
2 0.344623 0.464767 0.371955 0.541814
2 0.382651 0.494226 0.400475 0.553144
2 0.693998 0.473832 0.732025 0.503290
2 0.647652 0.480629 0.684492 0.521419
2 0.640522 0.571272 0.684491 0.593934
2 0.696375 0.541814 0.721330 0.589402
2 0.613190 0.591668 0.636958 0.612062
2 0.366013 0.573539 0.398099 0.627925
2 0.417112 0.616594 0.439692 0.630192
2 0.434937 0.602998 0.450387 0.623393
4 0.352941 0.584869 0.361259 0.618861
4 0.768865 0.521418 0.786690 0.555410
4 0.664289 0.596199 0.679739 0.623393
4 0.625074 0.623392 0.641711 0.636989
4 0.425431 0.636990 0.431373 0.666448
4 0.437314 0.641522 0.448010 0.670980
7 0.626263 0.736697 0.660725 0.779753
3 0.652407 0.634723 0.680927 0.738963
3 0.680928 0.641522 0.711824 0.725367
4 0.414735 0.516886 0.433749 0.555410
3 0.626262 0.374123 0.631015 0.469299
2 0.622698 0.482895 0.636958 0.537281
7 0.385027 0.734431 0.399287 0.775221
7 0.344622 0.720835 0.360072 0.782019
3 0.357694 0.655118 0.368389 0.714036
3 0.383839 0.646054 0.392157 0.709504
