4 0.280033 0.452732 0.293561 0.496526
4 0.358495 0.452732 0.382846 0.524864
4 0.405844 0.590554 0.425460 0.635636
4 0.462662 0.607298 0.474838 0.647228
4 0.484984 0.606011 0.492424 0.631771
4 0.494453 0.563504 0.506629 0.598282
4 0.506629 0.590553 0.518127 0.629195
2 0.342938 0.451444 0.361202 0.497814
2 0.650703 0.499102 0.662879 0.531303
2 0.354438 0.562217 0.386229 0.622755
8 0.470103 0.371584 0.487013 0.493950
1 0.489042 0.446292 0.520833 0.539032
1 0.525568 0.454021 0.556683 0.539031
1 0.561418 0.466900 0.585092 0.540319
5 0.397051 0.599570 0.404491 0.653668
5 0.427489 0.593130 0.433577 0.652380
5 0.455898 0.616314 0.462662 0.657532
5 0.488366 0.603434 0.492424 0.649804
5 0.560064 0.607298 0.570887 0.644651
5 0.584416 0.603434 0.591180 0.652380
5 0.612824 0.606010 0.621618 0.647228
5 0.584415 0.445003 0.587121 0.472052
5 0.315205 0.443716 0.330763 0.478492
5 0.693994 0.430835 0.711581 0.484933
7 0.290855 0.366433 0.317235 0.414091
7 0.327381 0.371584 0.356467 0.399922
7 0.306412 0.375449 0.330763 0.423107
9 0.328058 0.397346 0.345645 0.433412
