1 0.299513 0.642946 0.357955 0.722828
1 0.418020 0.668172 0.591721 0.791498
1 0.681818 0.613517 0.732143 0.728433
7 0.714962 0.536956 0.748106 0.582502
7 0.259064 0.536956 0.277327 0.581334
7 0.267857 0.521774 0.290855 0.563817
9 0.272592 0.586006 0.284768 0.616370
5 0.294913 0.595349 0.305737 0.642063
5 0.697375 0.584838 0.706845 0.626881
5 0.723079 0.593013 0.730519 0.629217
5 0.499188 0.755346 0.512040 0.804396
5 0.525568 0.755346 0.533008 0.806732
5 0.547213 0.754178 0.560065 0.809067
5 0.441694 0.777536 0.449134 0.817242
3 0.565477 0.774032 0.573593 0.837096
3 0.429518 0.738996 0.444400 0.839432
7 0.422078 0.840600 0.438988 0.881475
7 0.476867 0.795052 0.493101 0.837095
