2 0.331778 0.716806 0.052083 0.058393
2 0.689935 0.566529 0.031115 0.073990
2 0.727476 0.546299 0.027733 0.081750
6 0.745400 0.414331 0.071699 0.137807
3 0.713271 0.468052 0.018263 0.093429
3 0.724432 0.450535 0.014881 0.091093
3 0.689259 0.486738 0.009470 0.081750
7 0.683509 0.446447 0.026380 0.038539
4 0.757576 0.653158 0.032468 0.029196
2 0.705898 0.681822 0.021104 0.054189
5 0.339348 0.769470 0.015609 0.051745
5 0.387113 0.777555 0.008741 0.037731
5 0.575987 0.764619 0.010614 0.031263
5 0.548826 0.763541 0.007493 0.031263
5 0.429883 0.778094 0.004371 0.032341
5 0.467657 0.769470 0.009990 0.028029
5 0.606893 0.760846 0.013736 0.032341
4 0.599088 0.760307 0.010614 0.016170
5 0.583791 0.593752 0.008741 0.045277
5 0.666209 0.537156 0.011239 0.039887
5 0.306881 0.529610 0.009366 0.050667
7 0.287837 0.854095 0.039960 0.057135
7 0.257555 0.819059 0.026848 0.047433
