2 0.314935 0.565867 0.034091 0.042043
4 0.310065 0.519620 0.038961 0.047649
7 0.307224 0.423622 0.046266 0.046247
7 0.388393 0.446045 0.020292 0.040641
7 0.565341 0.399798 0.030032 0.063064
7 0.676542 0.472672 0.028409 0.051853
7 0.618912 0.720025 0.021916 0.058860
7 0.588068 0.735440 0.020292 0.042043
7 0.588880 0.469169 0.026786 0.028029
3 0.303166 0.483884 0.013799 0.068670
8 0.352679 0.509109 0.018669 0.057459
8 0.374188 0.510511 0.016234 0.040641
8 0.396104 0.515416 0.021104 0.078480
8 0.589286 0.516116 0.024351 0.046247
8 0.666802 0.523124 0.020292 0.057459
8 0.563312 0.476876 0.025974 0.147150
8 0.512175 0.484584 0.021104 0.134537
8 0.534497 0.486686 0.028409 0.155559
8 0.481737 0.485285 0.021916 0.133136
8 0.458198 0.497197 0.013799 0.145749
4 0.429383 0.578480 0.050325 0.044846
8 0.432224 0.693397 0.025162 0.131734
8 0.582792 0.682186 0.014610 0.061663
8 0.605519 0.668172 0.019481 0.070072
