7 0.286588 0.462234 0.324051 0.511823
7 0.560690 0.386771 0.582542 0.426658
7 0.596903 0.410488 0.613761 0.438516
7 0.412712 0.384615 0.428321 0.414801
4 0.265360 0.557099 0.290334 0.593753
4 0.316559 0.556020 0.334666 0.584049
4 0.367133 0.566802 0.387113 0.579738
4 0.404595 0.552787 0.419581 0.571113
4 0.605020 0.552786 0.613136 0.578659
4 0.618131 0.552786 0.626873 0.589440
4 0.630620 0.562490 0.641234 0.585128
4 0.693057 0.625015 0.732393 0.665979
4 0.678697 0.658434 0.686190 0.676760
4 0.395562 0.665005 0.400974 0.688362
4 0.365800 0.668742 0.370130 0.691165
4 0.384740 0.668742 0.391234 0.684625
4 0.265151 0.624831 0.303571 0.681823
4 0.314394 0.669677 0.346862 0.695837
2 0.319263 0.638845 0.357142 0.678085
2 0.648810 0.640713 0.676948 0.669677
2 0.327381 0.549153 0.364177 0.606145
2 0.642316 0.574379 0.661255 0.607079
2 0.678572 0.554760 0.713745 0.594934
4 0.667208 0.565037 0.673702 0.591197
4 0.624459 0.654728 0.631493 0.675282
3 0.687770 0.463199 0.705627 0.542613
3 0.591991 0.438908 0.608225 0.540744
3 0.559523 0.432368 0.573593 0.516454
3 0.525975 0.421157 0.544914 0.522994
3 0.508117 0.417419 0.521645 0.520191
3 0.476191 0.413683 0.491883 0.508046
3 0.449676 0.421156 0.459956 0.515520
3 0.413420 0.422091 0.436148 0.519257
3 0.332792 0.445447 0.353896 0.539810
7 0.329004 0.418353 0.350108 0.450119
1 0.422078 0.522059 0.441018 0.566905
1 0.444264 0.514585 0.468074 0.568774
1 0.473485 0.510848 0.497295 0.568774
1 0.505411 0.514585 0.527597 0.568774
1 0.534091 0.522059 0.549783 0.572511
1 0.555195 0.522060 0.572511 0.576249
1 0.574134 0.523928 0.594698 0.588394
8 0.290584 0.482819 0.314935 0.543548
6 0.705627 0.433302 0.770562 0.544482
6 0.734308 0.610817 0.805194 0.761237
6 0.207251 0.617357 0.260281 0.762171
