8 0.299623 0.654935 0.011010 0.132866
8 0.624629 0.435902 0.019311 0.115412
6 0.256239 0.364090 0.057932 0.151318
6 0.729352 0.364090 0.047534 0.146188
6 0.202020 0.591067 0.041592 0.143624
6 0.790998 0.598761 0.060903 0.133365
2 0.359128 0.510458 0.013631 0.027156
3 0.595575 0.460673 0.018874 0.090519
4 0.644857 0.488734 0.020971 0.038018
4 0.689420 0.593736 0.011534 0.027156
4 0.641187 0.610935 0.011534 0.025345
7 0.311943 0.716842 0.017825 0.048880
7 0.288351 0.727704 0.020971 0.041639
9 0.312467 0.648953 0.012583 0.039828
8 0.332390 0.655289 0.016777 0.088709
5 0.350215 0.647142 0.006291 0.028966
