3 0.292208 0.477325 0.310314 0.549553
3 0.302198 0.466546 0.324051 0.524759
3 0.369007 0.473013 0.390860 0.554943
3 0.393981 0.455765 0.409590 0.556021
3 0.405843 0.432049 0.430194 0.543085
7 0.398352 0.401864 0.418956 0.443906
3 0.493256 0.473013 0.508865 0.556021
3 0.530095 0.479481 0.540709 0.558177
3 0.561938 0.513979 0.575674 0.556022
7 0.568182 0.448218 0.586289 0.494573
3 0.594405 0.442829 0.606893 0.554943
3 0.699925 0.493496 0.708667 0.557099
3 0.711788 0.473013 0.721778 0.557099
3 0.754870 0.633638 0.804196 0.692929
3 0.740509 0.663824 0.782967 0.720958
2 0.610015 0.642262 0.639361 0.682149
1 0.716159 0.584050 0.752373 0.679994
1 0.288461 0.536617 0.445804 0.619625
1 0.444555 0.539851 0.734891 0.621781
3 0.439561 0.689696 0.460165 0.809357
4 0.442683 0.650888 0.460790 0.681072
4 0.370255 0.648732 0.384615 0.683229
7 0.430819 0.794265 0.454545 0.837386
1 0.270354 0.581894 0.325300 0.692930
