13 0.277551 0.325916 0.382877 0.488034
13 0.396359 0.236911 0.465453 0.480366
13 0.553085 0.219895 0.613753 0.473822
13 0.602799 0.371728 0.749413 0.540576
13 0.192447 0.763089 0.346205 0.862565
13 0.609540 0.765707 0.770478 0.892670
3 0.324642 0.416043 0.330661 0.524495
3 0.331263 0.426328 0.339689 0.521691
3 0.372190 0.461855 0.380014 0.554413
3 0.395060 0.487099 0.401079 0.560957
3 0.402283 0.489902 0.419737 0.573111
3 0.599093 0.522625 0.606315 0.587135
3 0.606315 0.528235 0.615343 0.594615
3 0.692382 0.493642 0.711040 0.560022
7 0.600898 0.474009 0.620158 0.519821
7 0.271949 0.764071 0.308287 0.790249
5 0.314607 0.722349 0.334619 0.793521
5 0.468910 0.743619 0.477336 0.773887
5 0.493662 0.745255 0.498928 0.773069
5 0.333566 0.703534 0.347784 0.733802
5 0.301441 0.517016 0.313554 0.547284
5 0.353577 0.530105 0.361476 0.556283
2 0.309341 0.544012 0.348311 0.597186
2 0.353577 0.562827 0.385175 0.617637
2 0.387282 0.571008 0.409401 0.631545
2 0.462591 0.614365 0.470490 0.644633
2 0.473123 0.606185 0.483129 0.647087
2 0.592142 0.599640 0.616894 0.651178
2 0.633745 0.589005 0.661657 0.625818
2 0.679562 0.558737 0.710634 0.611093
2 0.603201 0.690445 0.615841 0.727258
2 0.618473 0.676538 0.634799 0.705170
2 0.370429 0.669994 0.379908 0.707624
2 0.385175 0.673266 0.399921 0.711715
2 0.297754 0.632362 0.343044 0.678992
4 0.657971 0.681446 0.687461 0.706806
0 0.542638 0.484293 0.559490 0.600459
1 0.538425 0.595549 0.560017 0.665903
12 0.428886 0.686354 0.564230 0.728894
