12 0.330635 0.406414 0.094372 0.153141
3 0.329371 0.485602 0.012639 0.109948
3 0.336533 0.484948 0.013482 0.092932
3 0.376136 0.512435 0.010111 0.100785
3 0.398465 0.523560 0.009269 0.078534
3 0.411526 0.521597 0.008426 0.092932
3 0.607012 0.547775 0.013482 0.092932
3 0.703069 0.530759 0.018537 0.071990
4 0.489889 0.626963 0.015167 0.049738
4 0.668944 0.688482 0.029491 0.031414
4 0.599481 0.712344 0.007130 0.015103
7 0.294845 0.769231 0.040834 0.038260
5 0.309104 0.539670 0.005833 0.032219
5 0.327577 0.746577 0.019445 0.051349
2 0.325957 0.572896 0.038242 0.050342
2 0.369059 0.594039 0.025927 0.048329
2 0.395634 0.604108 0.015556 0.060411
2 0.527859 0.622735 0.011667 0.041281
2 0.464988 0.630789 0.015556 0.035240
2 0.477627 0.624245 0.008426 0.046315
2 0.648094 0.609646 0.030464 0.055377
2 0.696706 0.583971 0.031760 0.036246
2 0.626056 0.697745 0.011019 0.030205
2 0.611148 0.704289 0.017500 0.035240
2 0.374569 0.686166 0.012315 0.041281
2 0.394014 0.690697 0.014908 0.038260
2 0.320771 0.657974 0.042131 0.055377
12 0.496423 0.715364 0.131577 0.067459
0 0.547952 0.538159 0.020741 0.109746
1 0.546332 0.628272 0.023982 0.062424
1 0.606287 0.626259 0.029815 0.046315
13 0.434200 0.351389 0.065464 0.205397
13 0.338596 0.401732 0.114077 0.171164
13 0.582629 0.352396 0.082317 0.205397
13 0.665918 0.458115 0.120558 0.138945
13 0.685363 0.819573 0.136114 0.124849
13 0.275076 0.806988 0.164633 0.081555
