7 0.286901 0.724193 0.024351 0.051745
7 0.314685 0.745753 0.028721 0.056057
2 0.325300 0.631483 0.048701 0.056057
4 0.316246 0.671370 0.034341 0.028029
3 0.324988 0.704788 0.010614 0.066837
3 0.299700 0.690235 0.014985 0.048511
2 0.319680 0.537695 0.018731 0.040965
2 0.266296 0.592135 0.013112 0.035575
2 0.668082 0.545241 0.014985 0.040965
2 0.750500 0.506432 0.023726 0.038809
2 0.714286 0.625015 0.027473 0.034497
4 0.632180 0.674604 0.016858 0.025873
4 0.355894 0.539312 0.009990 0.035575
4 0.346216 0.537156 0.008117 0.029107
4 0.575050 0.591596 0.013736 0.030185
