2 0.366071 0.514585 0.023268 0.044846
2 0.619048 0.514118 0.024892 0.047649
2 0.704545 0.529066 0.027056 0.028963
2 0.649892 0.572511 0.044372 0.054189
2 0.375812 0.580919 0.022186 0.037371
2 0.332251 0.558964 0.036797 0.062597
2 0.284091 0.523928 0.034632 0.052320
4 0.424784 0.616422 0.017316 0.026160
3 0.658009 0.653327 0.021645 0.073809
3 0.684524 0.633707 0.027056 0.055123
7 0.698052 0.664071 0.017316 0.022423
7 0.670996 0.688362 0.019481 0.031766
10 0.562500 0.747223 0.018939 0.042977
10 0.480700 0.721175 0.010823 0.031921
10 0.499639 0.721953 0.011724 0.030364
12 0.494228 0.615289 0.124459 0.042821
12 0.491522 0.545607 0.109127 0.043600
13 0.335949 0.342789 0.085678 0.170507
13 0.454771 0.284006 0.060877 0.199315
13 0.553977 0.276610 0.067190 0.184522
13 0.644616 0.365367 0.078914 0.161165
13 0.654536 0.751539 0.109578 0.086422
13 0.325577 0.751539 0.109127 0.081750
10 0.630862 0.695871 0.027958 0.028029
