4 0.265984 0.618547 0.279096 0.641185
2 0.365885 0.648731 0.391484 0.682150
2 0.337787 0.573269 0.368381 0.632560
2 0.274726 0.558177 0.306568 0.612078
2 0.501374 0.613157 0.511988 0.637952
2 0.659965 0.551710 0.684940 0.612078
3 0.646229 0.700476 0.682443 0.793186
1 0.622502 0.649809 0.664335 0.697242
3 0.648726 0.467623 0.669955 0.560333
3 0.669955 0.485949 0.681194 0.543084
2 0.317807 0.573269 0.334041 0.614234
2 0.392732 0.705867 0.410839 0.725271
5 0.728646 0.667057 0.743632 0.700477
13 0.267233 0.341494 0.380869 0.485949
13 0.407718 0.232615 0.496379 0.460077
13 0.520104 0.229380 0.594405 0.452531
13 0.641858 0.323168 0.718656 0.493496
13 0.658716 0.739286 0.785464 0.785640
13 0.629995 0.787796 0.762363 0.860024
13 0.164835 0.742519 0.327173 0.797499
13 0.184816 0.786718 0.349027 0.877272
5 0.314686 0.537695 0.326548 0.570036
5 0.442057 0.573270 0.450175 0.608845
5 0.463911 0.714491 0.466409 0.738208
5 0.490136 0.722037 0.495755 0.743597
