2 0.263219 0.640432 0.026670 0.042043
2 0.325255 0.664457 0.037106 0.066067
2 0.670802 0.660953 0.034787 0.039040
2 0.724722 0.650943 0.028989 0.051052
4 0.752841 0.554344 0.020292 0.014014
2 0.698342 0.584875 0.028409 0.029030
2 0.749652 0.570361 0.030148 0.036037
3 0.284671 0.741535 0.039425 0.098100
3 0.312790 0.737531 0.035366 0.084086
13 0.291048 0.416704 0.082328 0.181185
13 0.433963 0.311596 0.087546 0.247252
13 0.597461 0.334620 0.075951 0.243248
13 0.699791 0.420207 0.069573 0.172176
13 0.746173 0.797592 0.110158 0.092094
13 0.740086 0.841637 0.123493 0.110112
13 0.240318 0.767061 0.147843 0.101103
13 0.264378 0.823119 0.177412 0.079081
12 0.716025 0.538828 0.020872 0.101103
12 0.492811 0.569359 0.544991 0.136139
