7 0.334041 0.384020 0.046204 0.060722
7 0.351211 0.710848 0.018107 0.035719
7 0.325924 0.692394 0.016234 0.027385
7 0.770480 0.734066 0.021229 0.027385
7 0.782967 0.709658 0.019980 0.026194
9 0.740197 0.682273 0.014361 0.028575
9 0.287837 0.661437 0.013736 0.022622
9 0.338099 0.435217 0.016858 0.044053
9 0.352772 0.649531 0.014985 0.027385
3 0.334978 0.662032 0.020604 0.054769
4 0.358079 0.612026 0.034341 0.040481
2 0.332168 0.528086 0.039960 0.063103
2 0.385864 0.531063 0.013736 0.030956
2 0.514173 0.557852 0.019356 0.058341
2 0.628746 0.538802 0.021229 0.079772
2 0.667770 0.558448 0.019356 0.035719
2 0.708042 0.560829 0.028721 0.040481
2 0.716159 0.657865 0.032468 0.044053
2 0.763299 0.603692 0.034341 0.073819
2 0.391484 0.613812 0.019980 0.051197
5 0.358392 0.479271 0.007493 0.046435
5 0.390547 0.484033 0.008117 0.065485
5 0.323114 0.422716 0.011863 0.095250
5 0.415834 0.479866 0.008741 0.057150
5 0.445492 0.491177 0.005619 0.041672
5 0.474525 0.485819 0.008741 0.047625
5 0.559753 0.481652 0.005619 0.053578
5 0.515734 0.488200 0.007493 0.033338
5 0.590972 0.487605 0.011863 0.055960
5 0.625000 0.479866 0.003746 0.047625
5 0.653097 0.495344 0.007493 0.040481
5 0.684003 0.503083 0.005619 0.046435
5 0.752373 0.652507 0.027473 0.038100
5 0.632493 0.678106 0.011239 0.044053
5 0.662463 0.685250 0.007493 0.053578
5 0.601898 0.678701 0.008741 0.050007
5 0.572865 0.679892 0.011863 0.057150
5 0.549763 0.669772 0.006868 0.065485
5 0.496379 0.681678 0.004995 0.055960
5 0.471404 0.678106 0.008741 0.058341
5 0.442995 0.662032 0.006868 0.042863
5 0.411776 0.651912 0.014361 0.041672
5 0.378372 0.664414 0.008741 0.054769
5 0.324675 0.647745 0.021229 0.050007
5 0.272540 0.619765 0.039336 0.036910
