9 0.290469 0.636428 0.305543 0.665458
7 0.280612 0.679472 0.302644 0.706500
5 0.306122 0.633425 0.328154 0.692485
5 0.629639 0.650443 0.643554 0.688481
5 0.678919 0.622413 0.689355 0.648440
13 0.633117 0.728522 0.753131 0.804600
13 0.231911 0.730523 0.351925 0.819615
13 0.296846 0.296080 0.384972 0.413200
13 0.402945 0.176959 0.475997 0.382168
13 0.516581 0.211995 0.591952 0.414201
13 0.600649 0.330116 0.680658 0.468256
12 0.337431 0.411198 0.699212 0.620412
12 0.246405 0.498287 0.749073 0.698491
