7 0.380914 0.784079 0.027829 0.037038
9 0.716025 0.730524 0.020872 0.032033
9 0.764436 0.682475 0.011016 0.026027
9 0.263799 0.705498 0.023191 0.028029
9 0.215967 0.656949 0.022611 0.043044
9 0.676600 0.562352 0.013915 0.032033
4 0.720663 0.586377 0.016234 0.034035
4 0.666744 0.620912 0.030148 0.073075
4 0.712256 0.680973 0.031888 0.057058
4 0.758059 0.633925 0.008697 0.023024
4 0.427586 0.695488 0.022611 0.048049
4 0.471359 0.681974 0.012755 0.041042
4 0.451936 0.677970 0.011016 0.035036
7 0.231621 0.495784 0.038845 0.043044
7 0.605867 0.527317 0.024351 0.054055
9 0.713126 0.541831 0.019712 0.033034
8 0.344968 0.588879 0.035946 0.083085
8 0.544411 0.603394 0.028989 0.114116
8 0.469330 0.582873 0.035366 0.103105
8 0.241767 0.537327 0.039425 0.088090
8 0.378305 0.737031 0.030728 0.099101
4 0.599200 0.645938 0.013335 0.029030
8 0.749652 0.549840 0.033627 0.077079
5 0.300325 0.732526 0.039425 0.038039
5 0.248145 0.660953 0.035946 0.049050
5 0.361781 0.729523 0.010436 0.036037
5 0.438602 0.731025 0.011016 0.053054
5 0.463822 0.721014 0.010436 0.045046
5 0.489622 0.712005 0.012175 0.061062
5 0.515712 0.720514 0.006378 0.060061
4 0.510784 0.712506 0.006957 0.018018
5 0.544411 0.726520 0.013915 0.046047
5 0.572530 0.718512 0.011016 0.042043
5 0.613404 0.760054 0.030148 0.051052
5 0.687616 0.744538 0.023191 0.040041
5 0.738346 0.705999 0.026090 0.033034
5 0.630218 0.587878 0.024351 0.029030
5 0.395118 0.594385 0.011016 0.046047
5 0.366999 0.606397 0.008117 0.032033
5 0.259740 0.565856 0.017393 0.045046
5 0.298295 0.548338 0.011016 0.038039
5 0.220315 0.549840 0.010436 0.043044
5 0.730230 0.559850 0.012175 0.051052
7 0.500058 0.793588 0.016814 0.050051
4 0.504986 0.664457 0.017393 0.028029
3 0.575139 0.600391 0.017393 0.068069
2 0.575719 0.661454 0.024351 0.066067
2 0.641814 0.635427 0.030148 0.046047
