3 0.303134 0.694008 0.033092 0.099178
3 0.334041 0.712335 0.021229 0.099178
3 0.428322 0.478403 0.018731 0.125051
7 0.438000 0.415878 0.028097 0.040965
2 0.343719 0.633100 0.050574 0.059291
2 0.605332 0.590518 0.038087 0.058213
2 0.558192 0.599142 0.013736 0.032341
2 0.538524 0.601298 0.010614 0.032341
2 0.532592 0.617468 0.016234 0.034497
2 0.469530 0.598603 0.021229 0.054979
2 0.458292 0.600220 0.013736 0.036653
2 0.359016 0.553865 0.023726 0.032341
2 0.476711 0.691313 0.008117 0.026951
2 0.516359 0.682689 0.007493 0.026951
4 0.444555 0.685923 0.009990 0.033419
