2 0.409091 0.589240 0.030303 0.061913
2 0.437771 0.602654 0.014069 0.041275
2 0.476190 0.608329 0.009740 0.038180
4 0.470238 0.614521 0.010823 0.038180
4 0.589827 0.588208 0.012987 0.063977
4 0.693723 0.596979 0.011905 0.036116
4 0.747294 0.691396 0.025974 0.035084
4 0.705087 0.716161 0.020563 0.026829
9 0.299242 0.721320 0.022727 0.043339
9 0.721861 0.740410 0.021645 0.031988
9 0.770022 0.700683 0.011905 0.016510
9 0.736742 0.507721 0.015693 0.045403
7 0.386905 0.482956 0.031385 0.043339
7 0.735119 0.487084 0.037338 0.059849
7 0.800866 0.731123 0.025974 0.067072
7 0.750000 0.750729 0.020563 0.042307
7 0.727273 0.792004 0.021645 0.029925
7 0.529491 0.787361 0.020022 0.057785
7 0.383387 0.814190 0.028680 0.057785
7 0.465368 0.785813 0.020563 0.034052
7 0.488907 0.774978 0.016775 0.039211
9 0.258117 0.684689 0.011905 0.038180
3 0.491071 0.519588 0.013528 0.079455
3 0.570076 0.524747 0.009199 0.085646
5 0.398810 0.518556 0.010823 0.060881
5 0.426677 0.554156 0.007035 0.053658
5 0.456710 0.560863 0.007576 0.038180
5 0.477543 0.558283 0.005952 0.047466
5 0.554383 0.556735 0.009199 0.038180
5 0.580898 0.557251 0.003788 0.039211
5 0.613636 0.567570 0.008658 0.043339
5 0.711580 0.515460 0.021645 0.087710
5 0.778950 0.665599 0.022186 0.039211
4 0.727543 0.711002 0.008117 0.016510
5 0.742154 0.713581 0.031926 0.048498
5 0.610119 0.747633 0.014610 0.056753
5 0.639610 0.737314 0.005411 0.050562
5 0.575758 0.722868 0.006494 0.034052
5 0.547890 0.741442 0.011364 0.065008
5 0.524892 0.728028 0.009740 0.054690
5 0.502976 0.725964 0.008117 0.067072
5 0.483225 0.725964 0.009740 0.058817
5 0.458874 0.731123 0.007576 0.060881
5 0.433983 0.717193 0.015152 0.057785
5 0.405032 0.721320 0.011364 0.059849
5 0.371753 0.717709 0.012987 0.065008
5 0.323593 0.728028 0.022727 0.054690
5 0.278409 0.686752 0.016775 0.056753
5 0.367695 0.535582 0.012446 0.070168
5 0.635011 0.568086 0.005952 0.052626
