0 0.372971 0.499226 0.023539 0.150139
0 0.648133 0.526313 0.039773 0.151686
0 0.684659 0.696573 0.033279 0.145495
0 0.373377 0.723660 0.045455 0.147043
13 0.106331 0.810338 0.025974 0.060365
13 0.071023 0.884633 0.021916 0.057269
13 0.117695 0.897016 0.008117 0.032504
13 0.143263 0.843616 0.021916 0.037148
13 0.183847 0.832008 0.018669 0.044887
13 0.214286 0.815755 0.021104 0.024765
13 0.309659 0.658652 0.021916 0.057269
13 0.278003 0.834329 0.039773 0.049530
13 0.332792 0.842068 0.021104 0.071200
13 0.236201 0.847486 0.022727 0.038696
13 0.176136 0.881538 0.024351 0.020122
13 0.148945 0.913268 0.018669 0.024765
13 0.131088 0.913268 0.012175 0.058817
