2 0.345726 0.606625 0.028519 0.037253
2 0.640316 0.705799 0.035649 0.040274
2 0.292252 0.682642 0.022686 0.030205
7 0.262437 0.774768 0.021389 0.045308
7 0.652631 0.822594 0.027871 0.044301
3 0.643880 0.780306 0.025927 0.090616
3 0.674020 0.767720 0.035649 0.073500
5 0.384615 0.729460 0.012963 0.039267
5 0.411190 0.729964 0.009074 0.048329
5 0.441330 0.735501 0.008426 0.043294
5 0.465312 0.728957 0.009722 0.040274
5 0.487349 0.737515 0.005833 0.031212
5 0.501285 0.738522 0.009074 0.033226
5 0.523322 0.736508 0.011667 0.031212
5 0.554110 0.736005 0.011019 0.034233
5 0.585546 0.734998 0.011667 0.030205
5 0.617306 0.727950 0.010371 0.030205
5 0.674344 0.718385 0.015556 0.039267
5 0.303595 0.722412 0.018149 0.041281
5 0.252390 0.679621 0.011667 0.040274
5 0.291280 0.517519 0.014260 0.056383
5 0.332762 0.548228 0.011667 0.051349
5 0.374569 0.552255 0.003241 0.039267
5 0.478599 0.569372 0.009074 0.041281
5 0.456886 0.560814 0.008426 0.048329
5 0.505174 0.566855 0.006482 0.046315
5 0.532721 0.574406 0.009722 0.061418
5 0.551193 0.570379 0.003889 0.049335
5 0.629945 0.566351 0.011019 0.063431
5 0.665270 0.524567 0.007778 0.038260
5 0.707725 0.539670 0.005833 0.042288
5 0.724253 0.699758 0.010371 0.034233
12 0.468552 0.677608 0.411583 0.118808
2 0.686983 0.662505 0.027871 0.034233
