1 0.425261 0.592363 0.081487 0.079140
1 0.661446 0.592363 0.100586 0.048363
2 0.499745 0.557190 0.031831 0.013190
2 0.585689 0.671503 0.012732 0.021983
3 0.626432 0.505530 0.012732 0.107718
3 0.692641 0.519819 0.005093 0.083536
3 0.716832 0.522017 0.007639 0.074743
4 0.532213 0.647321 0.020372 0.017587
4 0.504202 0.639627 0.012732 0.019785
4 0.487013 0.638528 0.011459 0.026380
5 0.434174 0.530810 0.002546 0.030777
5 0.463458 0.535207 0.000000 0.030777
5 0.514388 0.531909 0.010186 0.046165
5 0.487650 0.529711 0.005093 0.028578
5 0.546855 0.541802 0.006366 0.048363
5 0.481920 0.691288 0.006366 0.030777
5 0.499109 0.675900 0.007639 0.039570
5 0.518207 0.686891 0.017825 0.043966
5 0.546218 0.693486 0.010186 0.039570
5 0.573593 0.685792 0.011459 0.050561
