7 0.306569 0.397712 0.320929 0.431050
7 0.327797 0.394141 0.349027 0.433431
7 0.415209 0.373899 0.436439 0.420334
7 0.603147 0.379854 0.622503 0.420334
7 0.696803 0.733470 0.733017 0.804908
7 0.724899 0.716802 0.752372 0.770380
9 0.706793 0.681083 0.724901 0.721564
7 0.606893 0.787049 0.628121 0.837055
7 0.734266 0.402475 0.760490 0.446528
3 0.398352 0.670367 0.415210 0.797765
3 0.695664 0.693819 0.716784 0.764427
3 0.719905 0.657270 0.743007 0.758474
3 0.393356 0.425096 0.405844 0.521537
3 0.418331 0.404856 0.437063 0.525110
3 0.740509 0.434622 0.752997 0.514394
3 0.759240 0.432241 0.777972 0.503679
3 0.592533 0.698941 0.616884 0.802527
2 0.404595 0.613217 0.422702 0.664413
3 0.309066 0.410809 0.325924 0.490581
3 0.329045 0.403666 0.336538 0.496534
3 0.338411 0.428669 0.346529 0.504869
2 0.436439 0.625123 0.447053 0.662033
2 0.448302 0.529872 0.460164 0.601310
2 0.471404 0.547732 0.476399 0.592976
2 0.523851 0.554875 0.536339 0.602500
2 0.511363 0.559638 0.520105 0.589404
2 0.564436 0.541778 0.575050 0.578688
2 0.583167 0.538207 0.593781 0.579879
4 0.585040 0.523919 0.593156 0.545350
4 0.525100 0.539397 0.532593 0.558447
4 0.615010 0.538208 0.625000 0.578689
2 0.596279 0.551304 0.603147 0.582260
2 0.615011 0.620361 0.639985 0.677511
4 0.355270 0.522728 0.367132 0.558447
4 0.374000 0.522729 0.382117 0.548923
4 0.689310 0.532254 0.694929 0.554876
4 0.719280 0.492963 0.731768 0.541779
4 0.674656 0.610835 0.708666 0.691999
4 0.642483 0.642982 0.650599 0.653698
4 0.566272 0.638279 0.575821 0.661953
4 0.576776 0.640100 0.612108 0.705655
4 0.494175 0.629175 0.504201 0.658310
4 0.466005 0.640101 0.476509 0.664685
4 0.397727 0.630996 0.404889 0.645564
4 0.645054 0.526291 0.651738 0.540859
4 0.657468 0.529933 0.664152 0.549053
4 0.565795 0.529022 0.574389 0.549052
1 0.386267 0.515365 0.444519 0.590025
1 0.305577 0.500798 0.357143 0.574547
8 0.734816 0.442527 0.759167 0.522649
8 0.758212 0.444348 0.772536 0.521738
5 0.305100 0.454363 0.318946 0.496245
5 0.352846 0.481677 0.359530 0.512633
5 0.384358 0.493513 0.388178 0.519917
5 0.471734 0.512633 0.482238 0.549052
5 0.515661 0.509902 0.524733 0.539948
5 0.558155 0.500798 0.564839 0.544501
5 0.591578 0.511723 0.598740 0.539948
5 0.625478 0.498976 0.629775 0.529932
5 0.653170 0.500797 0.657945 0.523559
5 0.686593 0.492602 0.691368 0.524470
5 0.723835 0.633727 0.746753 0.669237
5 0.777311 0.596398 0.786383 0.620981
5 0.667972 0.654669 0.686116 0.695641
5 0.636459 0.667416 0.651738 0.698372
5 0.609722 0.678342 0.623090 0.714761
5 0.572956 0.670148 0.583938 0.713851
5 0.544308 0.672879 0.557200 0.707477
5 0.515661 0.668326 0.529507 0.702924
5 0.488923 0.658311 0.497995 0.711119
5 0.459320 0.662863 0.467438 0.706566
5 0.424465 0.661042 0.434493 0.704746
5 0.390565 0.651937 0.405844 0.692909
5 0.359530 0.646475 0.374810 0.675609
5 0.301279 0.627354 0.312738 0.660131
5 0.262605 0.440705 0.275974 0.468931
5 0.728132 0.467110 0.735294 0.503529
