9 0.293300 0.479058 0.313548 0.520942
9 0.737071 0.490838 0.754788 0.531414
8 0.396228 0.664922 0.413102 0.776178
4 0.426600 0.554974 0.452754 0.578534
4 0.462879 0.549739 0.477221 0.589005
4 0.573400 0.548429 0.593648 0.591623
4 0.581836 0.607329 0.609677 0.637435
4 0.432506 0.604712 0.484814 0.640052
4 0.551464 0.609948 0.571712 0.628273
4 0.381886 0.655759 0.392854 0.674083
4 0.356575 0.594240 0.378511 0.621727
5 0.386105 0.642670 0.392854 0.698954
5 0.458661 0.650524 0.466253 0.710732
5 0.422382 0.649214 0.429131 0.705497
5 0.357420 0.645288 0.364169 0.702880
5 0.570025 0.653141 0.575931 0.712043
5 0.605460 0.657068 0.613053 0.710734
5 0.634987 0.672775 0.647643 0.714660
5 0.609677 0.515707 0.614739 0.565445
5 0.720198 0.506544 0.728635 0.561518
5 0.759851 0.519633 0.770819 0.564136
5 0.450223 0.497383 0.462035 0.548430
5 0.481439 0.498691 0.485657 0.551047
5 0.546402 0.506545 0.551464 0.551048
5 0.571713 0.502618 0.578461 0.541884
5 0.414789 0.486911 0.428288 0.539267
5 0.267146 0.503927 0.285708 0.556283
5 0.322829 0.498691 0.335483 0.562827
5 0.671266 0.666231 0.680546 0.726440
5 0.546402 0.646597 0.560744 0.718587
