4 0.229056 0.529601 0.264705 0.613169
4 0.553137 0.590012 0.564805 0.618204
4 0.645825 0.565847 0.663973 0.596052
4 0.382022 0.568868 0.393689 0.601087
4 0.431931 0.580950 0.439709 0.604108
6 0.116924 0.577929 0.216093 0.728957
2 0.623139 0.652436 0.653603 0.692710
2 0.706105 0.571889 0.743698 0.617197
2 0.639344 0.583971 0.658788 0.614177
2 0.523322 0.568868 0.539526 0.615184
2 0.500636 0.582964 0.516192 0.622231
2 0.465636 0.577931 0.477951 0.622231
2 0.539526 0.557793 0.562212 0.617197
7 0.546656 0.440999 0.568694 0.482280
3 0.549249 0.480266 0.554434 0.579944
4 0.618771 0.579766 0.630667 0.605944
9 0.286683 0.714506 0.303535 0.742994
8 0.264378 0.686017 0.282222 0.782261
8 0.294613 0.689867 0.319891 0.797659
2 0.229187 0.630582 0.260413 0.674469
4 0.657457 0.661431 0.668693 0.698953
4 0.708014 0.645725 0.717564 0.671029
