9 0.249684 0.709814 0.034415 0.043655
3 0.247577 0.697687 0.048462 0.065483
3 0.459685 0.789242 0.018963 0.076397
3 0.479702 0.779541 0.012642 0.069121
3 0.571358 0.782572 0.021773 0.082460
3 0.612094 0.793486 0.025987 0.099437
3 0.698483 0.513365 0.063913 0.087310
4 0.688299 0.588549 0.043545 0.058207
4 0.530973 0.603101 0.018261 0.055782
4 0.542562 0.614621 0.016154 0.023040
8 0.621576 0.521854 0.039331 0.130966
1 0.595940 0.708601 0.083579 0.097012
1 0.483214 0.723153 0.030903 0.058207
1 0.461792 0.724365 0.030201 0.060632
1 0.284450 0.668584 0.051974 0.111563
5 0.318514 0.555202 0.028796 0.071546
