3 0.243819 0.531063 0.020604 0.090488
3 0.259740 0.528682 0.022478 0.111919
3 0.591908 0.526300 0.014985 0.078582
3 0.496691 0.544160 0.019356 0.092869
3 0.450799 0.548922 0.013736 0.092869
3 0.610952 0.737638 0.023102 0.108347
7 0.611888 0.806694 0.042458 0.070247
7 0.729583 0.473913 0.045579 0.059532
3 0.443931 0.748949 0.018731 0.107157
4 0.261926 0.626314 0.031843 0.078582
1 0.363387 0.630481 0.157343 0.084535
1 0.444243 0.675129 0.035589 0.069057
1 0.596279 0.666795 0.026224 0.066675
2 0.721154 0.611431 0.053696 0.072629
4 0.740822 0.574521 0.020604 0.029766
8 0.592845 0.551304 0.016858 0.138113
8 0.456419 0.555471 0.026224 0.115491
4 0.574113 0.606668 0.009366 0.025003
2 0.496066 0.638815 0.028097 0.044053
4 0.487637 0.600120 0.013736 0.023813
