8 0.333163 0.492147 0.032019 0.054974
8 0.657521 0.493455 0.033799 0.102094
8 0.656304 0.496073 0.007584 0.002618
8 0.686638 0.468586 0.024436 0.068063
8 0.578363 0.450262 0.026964 0.123037
7 0.400151 0.387435 0.031177 0.054974
7 0.433434 0.393325 0.028649 0.048429
7 0.572465 0.376963 0.023593 0.049738
7 0.491058 0.705404 0.018658 0.049551
7 0.562379 0.751215 0.038519 0.055161
4 0.632797 0.524963 0.006019 0.025243
4 0.547633 0.501122 0.010232 0.024308
4 0.544323 0.526365 0.015649 0.028048
4 0.516035 0.524028 0.021667 0.036462
4 0.507007 0.579188 0.020463 0.012154
4 0.492864 0.581526 0.011435 0.020568
4 0.457654 0.572177 0.013241 0.020568
4 0.430570 0.572177 0.021667 0.014959
5 0.386333 0.632947 0.016250 0.056096
5 0.416126 0.633882 0.012037 0.065445
5 0.446821 0.633882 0.010834 0.069185
5 0.466682 0.629675 0.007222 0.066380
5 0.487748 0.632012 0.008426 0.054226
5 0.519045 0.632479 0.007222 0.055161
5 0.500989 0.629675 0.004815 0.055161
5 0.547633 0.625467 0.005417 0.048616
5 0.574115 0.629207 0.005417 0.050486
5 0.358347 0.642764 0.009630 0.053291
5 0.320730 0.652580 0.012639 0.059835
5 0.264456 0.636687 0.012037 0.050486
5 0.525966 0.480553 0.011435 0.044877
5 0.496475 0.486631 0.006621 0.030853
5 0.557564 0.474476 0.013241 0.040202
4 0.692382 0.548336 0.019260 0.055161
