2 0.317291 0.526814 0.016637 0.074677
4 0.326797 0.540391 0.021390 0.047522
2 0.424837 0.566415 0.020202 0.076940
4 0.462270 0.548312 0.004753 0.045259
4 0.469400 0.583387 0.030897 0.020366
4 0.526441 0.573204 0.021390 0.022629
4 0.496138 0.577730 0.015449 0.027155
4 0.543078 0.574335 0.007130 0.020366
4 0.629234 0.544917 0.008318 0.020366
4 0.373143 0.550575 0.011884 0.027155
4 0.524658 0.533603 0.017825 0.029418
7 0.522876 0.440822 0.021390 0.061099
3 0.308378 0.457794 0.010695 0.085991
3 0.330957 0.464781 0.010695 0.049389
4 0.530303 0.617443 0.016043 0.015275
5 0.465241 0.675148 0.007130 0.045824
5 0.487077 0.675997 0.004456 0.033944
5 0.504902 0.670056 0.004456 0.042430
5 0.523173 0.673451 0.003565 0.039036
5 0.541889 0.670056 0.003565 0.042430
5 0.568627 0.661570 0.001783 0.028852
5 0.594474 0.646296 0.003565 0.028852
5 0.456328 0.514763 0.003565 0.033944
5 0.509358 0.513914 0.004456 0.035641
5 0.536988 0.512217 0.008021 0.035641
5 0.562834 0.504580 0.002674 0.030550
5 0.623440 0.506277 0.004456 0.047522
5 0.408200 0.531735 0.003565 0.037338
5 0.337790 0.684482 0.012478 0.013578
5 0.418895 0.696363 0.005348 0.050916
5 0.392602 0.682785 0.004456 0.040733
