4 0.291870 0.490242 0.019616 0.042043
4 0.288149 0.571408 0.018939 0.033868
4 0.583739 0.585422 0.013528 0.017518
4 0.611742 0.581244 0.016775 0.021203
4 0.461851 0.486556 0.008117 0.020554
4 0.425325 0.480016 0.023810 0.011211
4 0.331439 0.525329 0.008117 0.027094
4 0.512446 0.552891 0.008658 0.020554
4 0.581710 0.561767 0.014069 0.021489
2 0.344697 0.520191 0.029221 0.046714
2 0.421537 0.497301 0.032468 0.040174
2 0.451840 0.489826 0.009740 0.030831
2 0.672890 0.540278 0.017857 0.040174
2 0.599297 0.504775 0.010281 0.023357
2 0.622565 0.582321 0.023268 0.021489
2 0.303842 0.577182 0.017857 0.026160
5 0.519210 0.608014 0.008117 0.044846
5 0.543019 0.605678 0.004870 0.043911
5 0.571158 0.603809 0.005952 0.025226
5 0.601732 0.629969 0.009740 0.045780
5 0.478084 0.611284 0.008117 0.028963
5 0.499188 0.612218 0.003788 0.034569
5 0.299242 0.677151 0.024892 0.071006
9 0.281115 0.652860 0.022186 0.042977
5 0.653139 0.478148 0.007576 0.044846
5 0.697781 0.471608 0.012446 0.037371
5 0.623377 0.466936 0.005411 0.026160
5 0.504329 0.467404 0.007576 0.032700
5 0.447781 0.458528 0.005952 0.024291
5 0.477814 0.461331 0.007576 0.026160
5 0.540043 0.426295 0.006494 0.021489
5 0.562229 0.423959 0.005411 0.022423
5 0.284091 0.448718 0.008658 0.027094
2 0.478355 0.495899 0.006494 0.035503
5 0.264610 0.618291 0.008658 0.026160
0 0.550325 0.399668 0.012987 0.108377
1 0.553030 0.487958 0.018398 0.085020
