3 0.364583 0.518270 0.022998 0.100436
3 0.606737 0.548051 0.008117 0.059561
10 0.606061 0.499001 0.020292 0.033868
7 0.659835 0.473892 0.015557 0.025693
7 0.666937 0.442360 0.020292 0.030364
7 0.383523 0.459294 0.014881 0.026861
4 0.546199 0.608779 0.008793 0.031532
1 0.355114 0.587758 0.018939 0.054889
2 0.392992 0.593013 0.009470 0.046714
2 0.408888 0.585422 0.011499 0.057225
2 0.494792 0.618706 0.008793 0.039707
2 0.616545 0.598269 0.019616 0.047882
2 0.644954 0.587174 0.019616 0.053722
2 0.361878 0.668924 0.054113 0.060729
13 0.747430 0.800892 0.124459 0.084086
13 0.266843 0.769944 0.142722 0.071239
12 0.496483 0.574328 0.528950 0.158829
12 0.517113 0.672428 0.503923 0.133136
