13 0.241071 0.305201 0.336039 0.487387
13 0.370942 0.237933 0.433442 0.428528
13 0.546266 0.194488 0.624188 0.429928
13 0.653409 0.300997 0.725649 0.488789
13 0.633117 0.729835 0.748377 0.802709
13 0.216721 0.729835 0.352273 0.827935
2 0.669644 0.558348 0.707909 0.591382
2 0.718344 0.540330 0.750812 0.580371
2 0.659786 0.617409 0.692254 0.651444
2 0.328734 0.621413 0.349606 0.662455
2 0.257421 0.601392 0.284091 0.628420
12 0.422078 0.636428 0.578038 0.682474
2 0.608766 0.591382 0.627320 0.615406
