0 0.543816 0.421466 0.020223 0.102094
1 0.545922 0.510471 0.026121 0.083770
1 0.518116 0.516361 0.027806 0.058901
1 0.487361 0.515052 0.028649 0.069372
2 0.622491 0.517519 0.027223 0.044301
2 0.715178 0.541683 0.031112 0.044301
2 0.665270 0.580950 0.036297 0.050342
2 0.628325 0.585481 0.022038 0.039267
2 0.474710 0.623238 0.014260 0.034233
2 0.504525 0.610652 0.019445 0.039267
2 0.534665 0.606625 0.013611 0.039267
2 0.371328 0.587495 0.027871 0.041281
2 0.329846 0.572392 0.039538 0.055377
2 0.278641 0.528594 0.043427 0.048329
2 0.314614 0.616694 0.033704 0.047322
3 0.516192 0.685663 0.020741 0.098671
5 0.424153 0.645892 0.005185 0.045308
5 0.456561 0.651933 0.006482 0.039267
5 0.548276 0.642368 0.007130 0.028192
5 0.580036 0.641361 0.016204 0.034233
5 0.616009 0.647402 0.010371 0.046315
5 0.655223 0.642872 0.022686 0.037253
3 0.511979 0.438482 0.016204 0.077527
3 0.590083 0.434958 0.009074 0.116794
3 0.599481 0.425393 0.007130 0.127870
4 0.326605 0.483286 0.012315 0.022151
