13 0.242883 0.277891 0.334041 0.444985
13 0.359640 0.183024 0.434565 0.412643
13 0.548202 0.163620 0.622502 0.418034
13 0.664336 0.263877 0.740510 0.466545
13 0.691184 0.740363 0.810440 0.828761
13 0.845405 0.711256 0.882868 0.760846
13 0.162961 0.722037 0.290334 0.797499
10 0.470155 0.720958 0.492633 0.755455
10 0.502622 0.723114 0.525724 0.758689
10 0.209166 0.596986 0.812936 0.671370
10 0.204796 0.485949 0.801698 0.602376
2 0.734266 0.517212 0.783592 0.580816
3 0.703672 0.443907 0.718033 0.532305
3 0.714910 0.457921 0.728646 0.529071
2 0.698053 0.523680 0.736764 0.592674
2 0.327798 0.542007 0.342158 0.599141
2 0.350899 0.543085 0.377747 0.609923
3 0.349026 0.442829 0.372752 0.546319
