3 0.424575 0.395331 0.436438 0.520347
3 0.488886 0.423906 0.505744 0.519156
3 0.533217 0.415572 0.546953 0.525110
3 0.594406 0.419144 0.601274 0.519157
3 0.657467 0.459626 0.666833 0.517966
3 0.673701 0.404856 0.688063 0.512014
3 0.683691 0.465579 0.693057 0.528682
7 0.485139 0.392950 0.506368 0.432240
7 0.531968 0.400093 0.552572 0.437003
7 0.395229 0.756092 0.420828 0.794192
7 0.203547 0.653698 0.224151 0.688226
7 0.192932 0.626313 0.216034 0.654888
3 0.374626 0.425096 0.382118 0.509632
3 0.459540 0.501297 0.468906 0.537017
3 0.412087 0.691798 0.419580 0.776334
3 0.226648 0.597738 0.240384 0.626313
3 0.229771 0.622741 0.247878 0.658461
9 0.234765 0.612026 0.246629 0.642982
1 0.222902 0.552495 0.442682 0.701323
1 0.274725 0.476294 0.450799 0.585832
1 0.478272 0.515585 0.511988 0.592975
1 0.519481 0.514394 0.549451 0.594166
1 0.639985 0.515585 0.689935 0.596547
1 0.603147 0.616788 0.699925 0.714420
2 0.693056 0.535825 0.704295 0.588213
2 0.555070 0.529872 0.565684 0.590594
2 0.571304 0.538207 0.583167 0.582259
2 0.590659 0.515585 0.614385 0.582260
2 0.448926 0.681083 0.463286 0.708468
4 0.460789 0.537017 0.477023 0.584642
5 0.467033 0.669176 0.474525 0.709657
5 0.570679 0.669176 0.580669 0.707276
5 0.543207 0.676320 0.551323 0.709658
5 0.516983 0.676320 0.526349 0.710848
