4 0.420205 0.628788 0.026224 0.059291
5 0.549763 0.640107 0.005619 0.034497
5 0.573489 0.626632 0.008117 0.033419
5 0.530095 0.633639 0.002498 0.025873
5 0.515734 0.637412 0.004995 0.037731
5 0.498564 0.634717 0.005619 0.028029
5 0.482955 0.634178 0.005619 0.031263
4 0.447053 0.612617 0.017483 0.059291
12 0.507930 0.519368 0.421454 0.073306
12 0.508554 0.594830 0.440185 0.064681
5 0.623751 0.627710 0.007493 0.033419
5 0.665584 0.624476 0.007493 0.024795
5 0.595654 0.634717 0.006244 0.023717
13 0.320929 0.772165 0.136114 0.108880
13 0.669643 0.741980 0.116758 0.093788
13 0.674950 0.324785 0.074925 0.188654
13 0.565997 0.269267 0.078047 0.204824
13 0.451111 0.233153 0.103022 0.238243
13 0.338099 0.352275 0.114261 0.142299
