7 0.239042 0.352149 0.036526 0.029430
8 0.238636 0.386484 0.017857 0.081283
8 0.371753 0.706711 0.021104 0.082684
7 0.370942 0.766973 0.035714 0.077079
5 0.715503 0.699003 0.004058 0.050452
5 0.693182 0.686390 0.009740 0.042043
5 0.752029 0.654858 0.007305 0.029430
5 0.727273 0.680084 0.009740 0.037839
4 0.450487 0.477577 0.025974 0.061663
2 0.489448 0.532934 0.029221 0.049050
1 0.592938 0.481081 0.099838 0.088290
1 0.697240 0.453052 0.110390 0.105107
3 0.584821 0.367565 0.013799 0.147150
3 0.609578 0.389287 0.019481 0.095297
3 0.355519 0.417316 0.016234 0.053254
4 0.402192 0.490891 0.017045 0.026627
1 0.316964 0.477577 0.166396 0.126129
5 0.437906 0.674478 0.012175 0.037839
5 0.509334 0.675880 0.012175 0.051853
5 0.538555 0.676580 0.015422 0.061663
5 0.568182 0.675179 0.009740 0.056057
5 0.607549 0.673777 0.008929 0.039240
5 0.741071 0.395593 0.008117 0.060262
