10 0.481969 0.773887 0.018257 0.025087
10 0.540952 0.765161 0.025278 0.031632
10 0.446860 0.789158 0.028087 0.033813
3 0.508652 0.495201 0.019661 0.095986
3 0.542707 0.507199 0.024576 0.128709
1 0.511109 0.585188 0.038620 0.070899
1 0.550431 0.590096 0.034407 0.065445
13 0.256922 0.365401 0.093389 0.170157
13 0.410698 0.302138 0.100411 0.213787
13 0.582029 0.290140 0.103220 0.215969
13 0.716496 0.362675 0.092687 0.173429
13 0.754413 0.763525 0.158692 0.095986
13 0.733699 0.811518 0.157990 0.150524
13 0.214440 0.825698 0.176948 0.146161
12 0.502332 0.537740 0.630554 0.137435
12 0.494608 0.632635 0.592637 0.154887
5 0.491448 0.728076 0.004915 0.046902
5 0.520238 0.707897 0.011937 0.032723
5 0.548676 0.714442 0.007022 0.039267
5 0.463361 0.714987 0.004915 0.035995
