4 0.729271 0.589999 0.009990 0.022622
4 0.745192 0.583451 0.019356 0.047625
4 0.732393 0.615003 0.017483 0.020241
4 0.681506 0.632862 0.044331 0.060722
7 0.705857 0.779310 0.025599 0.039291
7 0.727398 0.749544 0.016234 0.039291
7 0.313437 0.772166 0.022478 0.053578
7 0.340597 0.782286 0.019356 0.042863
7 0.536026 0.401284 0.021853 0.045244
9 0.347777 0.721564 0.018731 0.026194
4 0.342782 0.532254 0.021229 0.059532
4 0.374001 0.539993 0.006244 0.025003
4 0.491384 0.562019 0.006244 0.028575
4 0.512925 0.572735 0.009366 0.054769
4 0.522602 0.579284 0.009990 0.055960
4 0.775787 0.458435 0.020604 0.026194
8 0.352460 0.725136 0.039336 0.111919
8 0.321241 0.729303 0.034341 0.110729
