3 0.439061 0.540677 0.455913 0.620218
3 0.570638 0.507451 0.588786 0.608135
3 0.586194 0.527587 0.604990 0.609143
3 0.348966 0.490334 0.357392 0.577930
3 0.358040 0.483286 0.368412 0.582964
3 0.376189 0.487314 0.389800 0.587998
3 0.387856 0.489327 0.402116 0.586991
8 0.570638 0.502417 0.603694 0.619211
13 0.495310 0.788613 0.662428 0.852967
13 0.487587 0.870418 0.639257 0.918411
12 0.262188 0.619546 0.756520 0.739529
12 0.267103 0.508290 0.689813 0.665358
1 0.428603 0.606457 0.464415 0.680628
1 0.370323 0.591187 0.402623 0.651177
2 0.661024 0.608639 0.694728 0.655541
2 0.713688 0.578098 0.733348 0.608638
