1 0.449811 0.647903 0.031115 0.067736
1 0.376082 0.621626 0.036526 0.054889
2 0.656791 0.608196 0.018939 0.037371
2 0.707860 0.633304 0.025027 0.038539
2 0.756561 0.579583 0.019616 0.033868
2 0.317911 0.681771 0.018939 0.046714
3 0.451502 0.577247 0.012852 0.071239
3 0.609104 0.553306 0.022321 0.112114
3 0.624662 0.551554 0.019616 0.078247
8 0.614177 0.546299 0.037879 0.123793
4 0.651718 0.658997 0.012852 0.031532
3 0.343615 0.546883 0.008117 0.073575
3 0.350041 0.542795 0.008793 0.109779
3 0.377435 0.546883 0.008117 0.106275
3 0.390287 0.530533 0.014881 0.113282
2 0.400095 0.642647 0.011499 0.029196
12 0.514746 0.592429 0.511364 0.141311
12 0.517451 0.680603 0.541126 0.158829
