8 0.626015 0.530818 0.037202 0.070942
8 0.453869 0.681086 0.016234 0.118666
8 0.481602 0.653354 0.013528 0.114797
8 0.504938 0.660448 0.015557 0.136724
8 0.533347 0.663673 0.015557 0.138014
4 0.425798 0.632072 0.029085 0.049014
2 0.581710 0.640456 0.022998 0.047724
4 0.387581 0.621753 0.016234 0.051594
9 0.297619 0.554681 0.012175 0.030956
7 0.753179 0.477935 0.022321 0.045145
9 0.742018 0.519855 0.014881 0.030956
5 0.720712 0.515985 0.026380 0.061913
5 0.754532 0.539847 0.011499 0.060623
4 0.737284 0.583702 0.013528 0.055464
1 0.744724 0.630782 0.048701 0.074811
6 0.309456 0.634006 0.052083 0.068362
13 0.874594 0.409572 0.029762 0.181869
13 0.897254 0.448268 0.018263 0.215405
13 0.473485 0.799107 0.231331 0.058043
13 0.476529 0.879723 0.244183 0.072232
5 0.326366 0.588862 0.012852 0.058043
5 0.282738 0.572739 0.010823 0.056753
5 0.404491 0.657869 0.013528 0.054174
5 0.438988 0.655289 0.009470 0.043855
5 0.548904 0.653354 0.015557 0.060623
5 0.521848 0.652709 0.006088 0.049014
5 0.588812 0.656579 0.011499 0.051594
5 0.378450 0.659159 0.007440 0.054174
