6 0.205628 0.207620 0.267180 0.348930
8 0.687229 0.372288 0.719697 0.435352
8 0.375000 0.365281 0.402462 0.431849
7 0.381493 0.333749 0.404491 0.372287
4 0.738637 0.503087 0.769075 0.564985
4 0.293561 0.440024 0.315206 0.466885
5 0.405844 0.572510 0.411256 0.601473
5 0.441559 0.568774 0.446429 0.594000
5 0.504329 0.583722 0.509199 0.608013
5 0.476190 0.578116 0.484308 0.613619
5 0.550325 0.590263 0.555195 0.614554
5 0.573592 0.587459 0.576839 0.616422
5 0.602272 0.585591 0.606602 0.616422
5 0.711039 0.561299 0.722403 0.582789
7 0.776515 0.609882 0.801407 0.653794
7 0.753247 0.627633 0.778139 0.677150
