2 0.280890 0.573574 0.029001 0.027357
2 0.461548 0.619842 0.021645 0.032975
2 0.624523 0.615446 0.021645 0.032975
2 0.704100 0.603355 0.028011 0.035173
2 0.649987 0.617644 0.011459 0.032975
2 0.393642 0.659920 0.026738 0.029067
2 0.279263 0.610335 0.019806 0.042745
4 0.374827 0.596657 0.012874 0.035906
4 0.538721 0.636837 0.009903 0.041035
4 0.281244 0.531684 0.027728 0.015388
4 0.526837 0.738571 0.003961 0.022227
5 0.435100 0.716899 0.004861 0.027979
5 0.463458 0.728091 0.008102 0.030777
5 0.486145 0.746277 0.003241 0.047564
5 0.508427 0.741380 0.004051 0.043367
5 0.555826 0.738583 0.008102 0.029378
5 0.582969 0.721795 0.010533 0.029378
4 0.685059 0.586798 0.005672 0.016787
3 0.404189 0.527758 0.011586 0.090791
5 0.604575 0.582123 0.008913 0.034196
