3 0.294393 0.549553 0.016858 0.081930
3 0.377747 0.563567 0.007493 0.092710
3 0.626873 0.816903 0.022478 0.086242
3 0.378996 0.789413 0.011239 0.057135
7 0.376186 0.822832 0.028097 0.052823
1 0.282842 0.619625 0.039960 0.058213
2 0.341221 0.641724 0.033092 0.048511
2 0.372752 0.632561 0.027473 0.060369
2 0.399600 0.635256 0.014985 0.048511
2 0.494818 0.660050 0.008117 0.020482
2 0.511364 0.662745 0.012488 0.049589
2 0.630932 0.634178 0.016858 0.039887
2 0.674638 0.639029 0.026848 0.036653
2 0.686501 0.611000 0.014361 0.030185
2 0.715847 0.687540 0.030594 0.051745
2 0.731144 0.602376 0.016234 0.040965
4 0.711788 0.601837 0.014985 0.033419
4 0.620317 0.743058 0.026848 0.052823
1 0.386801 0.742519 0.026848 0.051745
4 0.315747 0.627634 0.007035 0.029897
4 0.615260 0.633239 0.009740 0.018686
4 0.514069 0.723865 0.008658 0.020554
4 0.484307 0.726668 0.009740 0.020554
5 0.455898 0.767310 0.003788 0.017751
5 0.423972 0.772448 0.003788 0.018686
5 0.439123 0.623429 0.001623 0.014014
5 0.312229 0.595868 0.007576 0.022423
5 0.648810 0.606612 0.006494 0.023357
5 0.615530 0.602408 0.007035 0.022423
5 0.478355 0.762171 0.004329 0.020554
5 0.703193 0.576715 0.008117 0.023357
