3 0.475514 0.480899 0.488366 0.570824
3 0.503247 0.469221 0.526921 0.597685
2 0.296266 0.548635 0.310472 0.588341
2 0.313176 0.557978 0.336174 0.603524
2 0.345644 0.576663 0.364584 0.618707
2 0.377435 0.580167 0.400433 0.631553
2 0.444400 0.584838 0.456575 0.604692
4 0.452516 0.609364 0.460634 0.639728
2 0.474161 0.576663 0.494453 0.632721
2 0.515421 0.608196 0.533008 0.649070
2 0.543831 0.575495 0.550595 0.597684
4 0.542479 0.605859 0.564123 0.633889
2 0.572916 0.581336 0.595237 0.618707
2 0.608766 0.597685 0.629058 0.617539
4 0.605384 0.577831 0.620265 0.594181
2 0.648675 0.562650 0.686554 0.603525
4 0.634470 0.564985 0.641234 0.584839
7 0.383523 0.421338 0.409903 0.472724
3 0.382846 0.469220 0.393670 0.567320
3 0.386904 0.471557 0.401110 0.560314
12 0.238772 0.559145 0.763664 0.769361
