1 0.221591 0.432732 0.447240 0.535036
1 0.663960 0.453753 0.802760 0.537839
1 0.664772 0.508409 0.822240 0.640143
7 0.715909 0.699003 0.741883 0.743849
7 0.797077 0.631734 0.815747 0.669573
7 0.818994 0.602305 0.842533 0.638742
8 0.644480 0.609312 0.672077 0.687792
8 0.201298 0.537838 0.224025 0.603705
8 0.233766 0.563065 0.265422 0.626129
7 0.218344 0.609312 0.234578 0.647150
7 0.191559 0.588290 0.211851 0.621924
5 0.303571 0.602304 0.322241 0.661164
5 0.381493 0.609312 0.389611 0.661164
5 0.351461 0.602304 0.357143 0.656960
5 0.420455 0.606508 0.424513 0.656960
5 0.459415 0.613515 0.471591 0.669573
5 0.495130 0.620523 0.504058 0.669573
5 0.515422 0.624727 0.521916 0.672377
5 0.544643 0.633136 0.558441 0.683588
5 0.571429 0.634537 0.583604 0.684989
5 0.603085 0.635939 0.611201 0.665369
5 0.714286 0.640144 0.737012 0.686391
9 0.686689 0.651354 0.703734 0.682186
5 0.764611 0.617720 0.794643 0.661164
9 0.793830 0.593896 0.818182 0.633136
5 0.610390 0.438337 0.620130 0.501401
5 0.645292 0.452351 0.654220 0.508408
5 0.553572 0.436935 0.560877 0.502802
5 0.514610 0.459359 0.526786 0.508409
5 0.482142 0.449549 0.490260 0.512613
5 0.453733 0.436935 0.461850 0.483183
5 0.275974 0.403301 0.280844 0.453753
5 0.232955 0.397696 0.243507 0.441140
4 0.474838 0.518219 0.484578 0.556057
4 0.546266 0.508409 0.563311 0.551853
5 0.633929 0.630333 0.642857 0.673777
