13 0.327516 0.407506 0.093344 0.131734
13 0.431412 0.343740 0.054383 0.217222
13 0.596591 0.371068 0.073052 0.204609
13 0.687500 0.403301 0.060065 0.173777
13 0.696429 0.865773 0.116883 0.109312
13 0.325487 0.813220 0.159091 0.079882
12 0.506056 0.696164 0.146728 0.036653
4 0.417707 0.692930 0.013736 0.023717
4 0.543207 0.631483 0.011239 0.028029
3 0.306256 0.523680 0.018107 0.060369
3 0.324363 0.509666 0.014361 0.099178
2 0.324051 0.591057 0.046204 0.052823
2 0.287837 0.635795 0.026224 0.032341
2 0.668082 0.671909 0.027473 0.029107
2 0.716471 0.656816 0.021853 0.022638
2 0.333729 0.664362 0.019356 0.033419
