2 0.347777 0.635795 0.028721 0.028029
5 0.274725 0.498886 0.008741 0.038809
5 0.308442 0.527454 0.006244 0.022638
5 0.440185 0.580816 0.004995 0.034497
5 0.464535 0.585128 0.007493 0.043121
5 0.497003 0.594291 0.008741 0.037731
5 0.528534 0.587284 0.001873 0.051745
5 0.555694 0.578660 0.004995 0.038809
5 0.678384 0.532305 0.009366 0.040965
5 0.524163 0.738207 0.005619 0.032341
5 0.546016 0.732817 0.004371 0.028029
5 0.481706 0.740363 0.006868 0.025873
5 0.458292 0.731200 0.004995 0.024795
5 0.429258 0.721498 0.006868 0.018326
5 0.396791 0.708561 0.004371 0.029107
5 0.362762 0.694008 0.007493 0.030185
