8 0.619280 0.517670 0.022760 0.106021
2 0.615908 0.574607 0.017702 0.031414
3 0.617594 0.505236 0.012644 0.081152
8 0.680394 0.539921 0.023603 0.119110
8 0.723386 0.562173 0.021917 0.079843
8 0.756683 0.564136 0.026132 0.083770
7 0.755418 0.506545 0.035405 0.034031
8 0.398001 0.695026 0.028661 0.052356
7 0.399266 0.728403 0.027818 0.037958
8 0.302325 0.701571 0.032876 0.023560
7 0.550578 0.708770 0.035405 0.037958
4 0.531190 0.643979 0.018545 0.026178
4 0.564065 0.661649 0.025289 0.027487
4 0.593148 0.649869 0.017702 0.043194
4 0.635717 0.645942 0.021917 0.037958
4 0.639089 0.689136 0.021917 0.032723
4 0.459959 0.588351 0.016016 0.022251
1 0.536247 0.613874 0.099470 0.081152
5 0.456587 0.640052 0.014330 0.060209
5 0.493256 0.662958 0.011802 0.024869
5 0.544256 0.656414 0.007587 0.040576
5 0.335200 0.673429 0.005901 0.048429
5 0.374820 0.665576 0.009273 0.045812
8 0.652577 0.525524 0.018545 0.066754
