13 0.310809 0.362945 0.071023 0.154157
13 0.444399 0.324990 0.081169 0.174011
13 0.580019 0.309808 0.076434 0.216054
13 0.679789 0.387470 0.085227 0.130800
13 0.736607 0.749506 0.123106 0.053722
13 0.708198 0.788046 0.128517 0.079414
13 0.324337 0.828921 0.157603 0.116786
1 0.351393 0.644983 0.056142 0.066568
7 0.300663 0.746003 0.015557 0.028029
7 0.320617 0.753594 0.012175 0.029196
3 0.313515 0.710383 0.023674 0.073575
3 0.336851 0.734908 0.032468 0.078247
4 0.281385 0.548635 0.025703 0.037371
4 0.615530 0.587174 0.006764 0.018686
4 0.628720 0.587174 0.004735 0.021021
4 0.317100 0.643984 0.014069 0.042043
4 0.352273 0.559431 0.016234 0.029897
