2 0.269481 0.502994 0.318182 0.582332
2 0.216721 0.511975 0.254059 0.565865
2 0.255682 0.525448 0.271104 0.562871
2 0.315746 0.531436 0.344968 0.595804
2 0.358766 0.553890 0.389610 0.603289
2 0.435065 0.543412 0.452923 0.580835
2 0.645292 0.519461 0.681818 0.594307
2 0.693994 0.529939 0.734578 0.577841
2 0.755682 0.528442 0.780844 0.564369
3 0.281656 0.393717 0.318994 0.507485
3 0.641234 0.405693 0.663960 0.523951
12 0.387987 0.555387 0.411525 0.610774
12 0.428571 0.567362 0.451299 0.610774
12 0.466720 0.573350 0.489448 0.618258
12 0.502435 0.574848 0.528409 0.615264
12 0.541396 0.561374 0.565747 0.616762
12 0.579546 0.556884 0.604708 0.607780
12 0.228896 0.586823 0.295454 0.661669
12 0.338474 0.630234 0.363636 0.682626
12 0.363636 0.651191 0.392045 0.697596
12 0.395292 0.666160 0.429383 0.721548
12 0.433441 0.669154 0.566558 0.730528
12 0.571429 0.658675 0.630682 0.724541
12 0.685877 0.610773 0.754059 0.684123
5 0.665584 0.479043 0.687500 0.520957
5 0.722402 0.491018 0.749188 0.531435
5 0.420455 0.714063 0.439935 0.751486
5 0.741071 0.648196 0.762987 0.694601
