1 0.242695 0.529429 0.298701 0.655558
1 0.297889 0.579882 0.405844 0.658362
1 0.406656 0.579881 0.475650 0.659763
1 0.475650 0.582685 0.505682 0.659763
1 0.505682 0.572874 0.545455 0.663968
1 0.543831 0.582685 0.570617 0.658362
1 0.570617 0.575677 0.606331 0.661165
1 0.604707 0.581283 0.700487 0.669573
1 0.362012 0.684989 0.422077 0.781688
1 0.423701 0.677982 0.492695 0.770476
1 0.493506 0.677982 0.574676 0.759265
1 0.574676 0.677982 0.633929 0.749454
3 0.353897 0.505606 0.377435 0.595298
3 0.412337 0.533635 0.430194 0.599501
3 0.448863 0.543444 0.470779 0.610714
3 0.515423 0.535036 0.532467 0.598100
3 0.577921 0.514014 0.597403 0.598100
3 0.400163 0.763468 0.414773 0.844751
3 0.428571 0.755060 0.445616 0.848956
3 0.456980 0.746651 0.475650 0.837745
3 0.482955 0.741046 0.503247 0.830738
3 0.499188 0.734039 0.520292 0.820928
3 0.521104 0.721426 0.541396 0.822329
3 0.545454 0.729835 0.566558 0.836344
3 0.578734 0.727032 0.601460 0.826534
3 0.258929 0.481782 0.282467 0.547648
