3 0.327110 0.567269 0.345780 0.619121
3 0.574676 0.522423 0.591720 0.633136
3 0.365259 0.760666 0.387987 0.858766
3 0.571429 0.790096 0.586851 0.854562
1 0.415585 0.603706 0.459415 0.693398
1 0.308442 0.596698 0.418020 0.687792
1 0.564123 0.624727 0.676948 0.718623
2 0.503247 0.642946 0.528409 0.701806
2 0.470779 0.638742 0.489449 0.687792
2 0.544643 0.689194 0.568182 0.764871
8 0.596591 0.770476 0.643669 0.858766
8 0.565746 0.743849 0.593344 0.865773
8 0.358766 0.736842 0.400162 0.858766
5 0.447240 0.745251 0.465910 0.802709
5 0.469967 0.745250 0.487824 0.799906
5 0.488637 0.741046 0.508117 0.802709
5 0.510552 0.745250 0.532468 0.804110
5 0.498377 0.598100 0.517046 0.647150
5 0.668020 0.588290 0.696429 0.642946
5 0.708604 0.584086 0.737824 0.638742
5 0.327922 0.529430 0.378246 0.593896
