2 0.253247 0.535035 0.299513 0.612114
2 0.374999 0.640143 0.409903 0.715820
2 0.415585 0.637341 0.449676 0.714419
1 0.406656 0.535035 0.454546 0.641544
1 0.453734 0.560261 0.511364 0.645749
1 0.693994 0.521022 0.750000 0.607911
1 0.659090 0.497196 0.693182 0.593896
1 0.605519 0.521021 0.660715 0.617721
1 0.569805 0.528029 0.606331 0.628931
1 0.512175 0.546247 0.569805 0.645749
1 0.584416 0.631734 0.625000 0.717222
3 0.603896 0.708814 0.629870 0.785892
3 0.419643 0.713017 0.441559 0.799906
3 0.379869 0.694799 0.404220 0.806913
3 0.581981 0.453753 0.604707 0.549049
