7 0.367694 0.711825 0.405843 0.771087
7 0.655033 0.694173 0.693994 0.743347
7 0.723214 0.670217 0.762176 0.731999
7 0.771104 0.638695 0.813312 0.691651
4 0.174513 0.479826 0.232143 0.555478
4 0.764610 0.536565 0.801136 0.592043
4 0.708603 0.568087 0.748377 0.636174
4 0.648539 0.575651 0.697241 0.670216
3 0.627436 0.641216 0.650162 0.753433
3 0.678571 0.633652 0.700487 0.686608
8 0.370942 0.617261 0.414772 0.737043
5 0.620130 0.482348 0.663960 0.531522
5 0.689935 0.481087 0.709416 0.527739
5 0.733766 0.469739 0.756493 0.511348
5 0.539773 0.651303 0.560065 0.690391
5 0.573053 0.641216 0.595780 0.682825
5 0.414772 0.492435 0.443182 0.547913
5 0.552760 0.491174 0.578734 0.544130
