1 0.326204 0.629262 0.693404 0.740057
3 0.411765 0.450758 0.433155 0.536932
3 0.600713 0.463068 0.620321 0.586174
3 0.450981 0.490767 0.461676 0.598485
3 0.481284 0.487690 0.490196 0.601562
3 0.520498 0.484612 0.529411 0.613873
3 0.547237 0.500000 0.561497 0.607718
3 0.572193 0.487689 0.579323 0.580019
3 0.639929 0.718513 0.650623 0.792377
3 0.597148 0.721591 0.616756 0.810843
3 0.561498 0.727746 0.572192 0.844697
3 0.527630 0.715436 0.538324 0.838542
3 0.454546 0.740057 0.468806 0.826231
3 0.427808 0.724669 0.436720 0.844697
3 0.392157 0.721591 0.401069 0.816998
3 0.347593 0.700047 0.358289 0.789299
3 0.320855 0.690814 0.326203 0.792378
3 0.294118 0.663115 0.311943 0.764679
8 0.411765 0.432291 0.433155 0.598484
8 0.598931 0.419981 0.629234 0.616951
