5 0.663555 0.682186 0.056006 0.072874
5 0.614448 0.681485 0.032468 0.060262
5 0.584010 0.679383 0.025162 0.064466
5 0.738231 0.649953 0.064123 0.081283
9 0.706169 0.677982 0.034091 0.053254
9 0.273133 0.664668 0.025162 0.046247
5 0.342127 0.678682 0.028409 0.051853
5 0.375406 0.677281 0.030032 0.057459
5 0.409497 0.672376 0.028409 0.050452
5 0.440747 0.684288 0.029221 0.051853
5 0.547890 0.699704 0.027597 0.051853
5 0.322240 0.554656 0.034091 0.067269
5 0.351461 0.549050 0.029221 0.058860
5 0.387987 0.573575 0.022727 0.054656
5 0.416802 0.567969 0.033279 0.060262
5 0.442776 0.558159 0.023539 0.060262
5 0.481737 0.547649 0.026786 0.056057
5 0.549107 0.563765 0.023539 0.051853
5 0.585633 0.558860 0.025162 0.056057
2 0.437094 0.621924 0.018669 0.039240
2 0.523133 0.614917 0.013799 0.036437
2 0.497971 0.617720 0.036526 0.053254
3 0.501218 0.543444 0.021916 0.092494
