2 0.671266 0.456572 0.719156 0.536423
2 0.289773 0.474783 0.336039 0.537824
6 0.172889 0.505604 0.257305 0.633086
3 0.278409 0.327688 0.319805 0.471981
3 0.669643 0.365513 0.714286 0.466378
3 0.294644 0.616275 0.343344 0.740955
1 0.310065 0.551834 0.374999 0.631684
2 0.715909 0.460775 0.759740 0.514009
2 0.713474 0.512608 0.765422 0.578450
2 0.662338 0.547631 0.715098 0.613473
2 0.340909 0.516811 0.387175 0.563041
2 0.250001 0.443964 0.293831 0.507004
2 0.542208 0.512608 0.564935 0.584054
2 0.456981 0.507005 0.487013 0.579851
12 0.639611 0.619077 0.668019 0.669509
12 0.688312 0.574248 0.745130 0.652699
12 0.431006 0.619077 0.640422 0.683518
12 0.392045 0.603666 0.429383 0.655500
12 0.260552 0.523815 0.314123 0.600865
12 0.354708 0.588257 0.390422 0.655500
