12 0.529221 0.720725 0.280844 0.063064
12 0.716721 0.687792 0.094156 0.084086
12 0.683847 0.626129 0.094968 0.064466
12 0.438312 0.631734 0.389610 0.064466
13 0.435471 0.354251 0.081981 0.255060
13 0.525162 0.371068 0.099026 0.235440
13 0.666802 0.458658 0.119318 0.133136
13 0.744724 0.840548 0.174513 0.126129
13 0.224838 0.827935 0.172078 0.154157
13 0.314529 0.447446 0.099838 0.169573
3 0.206169 0.699003 0.079545 0.123326
3 0.349838 0.799906 0.035714 0.120523
3 0.664773 0.776082 0.027597 0.095297
3 0.775162 0.710915 0.055195 0.088290
3 0.511769 0.571473 0.021916 0.114917
3 0.560471 0.567269 0.026786 0.140143
2 0.752841 0.603005 0.046266 0.068670
2 0.228896 0.597399 0.030844 0.051853
