5 0.249188 0.409848 0.022727 0.061782
5 0.306818 0.412370 0.029221 0.061782
5 0.455357 0.474783 0.032468 0.063043
5 0.637581 0.481717 0.036526 0.056739
5 0.689935 0.475413 0.021104 0.049174
5 0.677354 0.672738 0.036526 0.045391
5 0.319805 0.643739 0.077922 0.063043
3 0.605519 0.443892 0.038961 0.134913
3 0.720779 0.420566 0.032468 0.113478
3 0.521916 0.443261 0.022727 0.143739
3 0.482143 0.434435 0.029221 0.133652
3 0.276786 0.386522 0.042208 0.118521
1 0.470373 0.538456 0.060877 0.081956
2 0.717938 0.498109 0.056006 0.066826
2 0.605114 0.539717 0.062500 0.064304
2 0.618506 0.641847 0.032468 0.049174
2 0.688312 0.605282 0.056818 0.084478
2 0.269886 0.472891 0.067370 0.064304
2 0.294237 0.561152 0.057630 0.054217
2 0.558442 0.643739 0.019481 0.037826
2 0.526786 0.645630 0.014610 0.029000
