13 0.707665 0.666137 0.843137 0.826737
0 0.648841 0.649524 0.663101 0.749206
12 0.386809 0.356014 0.443850 0.403086
12 0.581105 0.372628 0.636363 0.403087
12 0.616756 0.671676 0.636364 0.732592
12 0.379679 0.668906 0.406417 0.732592
0 0.294118 0.646755 0.320856 0.760281
1 0.285206 0.555379 0.336898 0.635679
1 0.427807 0.464003 0.541889 0.544303
1 0.547238 0.466772 0.739750 0.541534
3 0.718360 0.400317 0.739750 0.461234
3 0.568628 0.347707 0.591800 0.428007
3 0.609626 0.339400 0.618538 0.433546
3 0.632799 0.339400 0.639929 0.458465
8 0.356506 0.582615 0.385790 0.750730
8 0.392157 0.572725 0.429081 0.725019
7 0.355232 0.715130 0.387064 0.778420
7 0.411256 0.701285 0.434174 0.750731
7 0.588235 0.717107 0.611153 0.764575
8 0.585858 0.612075 0.609880 0.725019
2 0.565657 0.529007 0.581106 0.599154
2 0.625074 0.547467 0.646464 0.613922
5 0.541889 0.571464 0.554961 0.648995
5 0.519311 0.558541 0.531195 0.617613
5 0.502673 0.565925 0.505051 0.619459
5 0.486037 0.564079 0.491979 0.621305
5 0.457516 0.580693 0.468212 0.636073
5 0.317291 0.643456 0.331551 0.672992
5 0.613191 0.608384 0.620321 0.648995
5 0.665479 0.648995 0.674986 0.711757
5 0.639335 0.639765 0.648841 0.672991
5 0.514557 0.418249 0.520499 0.451476
5 0.541890 0.414556 0.552584 0.451476
5 0.396911 0.431170 0.405229 0.486548
5 0.424243 0.425633 0.428996 0.471782
5 0.736780 0.431170 0.753417 0.468089
