13 0.443588 0.296793 0.091721 0.252258
13 0.564529 0.308004 0.080357 0.263469
13 0.672484 0.411009 0.096591 0.194799
13 0.694805 0.779585 0.103896 0.074276
13 0.286932 0.762068 0.137175 0.056057
13 0.303977 0.413812 0.067370 0.172376
12 0.260146 0.598801 0.065747 0.071473
12 0.264610 0.533634 0.068182 0.061663
12 0.330357 0.549751 0.068182 0.054656
12 0.325487 0.617720 0.063312 0.070072
12 0.489042 0.645048 0.260552 0.071473
12 0.504870 0.575677 0.282468 0.075677
12 0.734172 0.607209 0.060877 0.082684
12 0.658279 0.619822 0.079545 0.071473
12 0.731331 0.526627 0.060065 0.070072
12 0.674107 0.551152 0.056006 0.057459
