8 0.260146 0.383913 0.052760 0.117634
8 0.224026 0.520896 0.064935 0.054174
8 0.283685 0.608347 0.059253 0.105252
8 0.254058 0.582034 0.043831 0.086678
8 0.228490 0.551852 0.065747 0.063461
8 0.364854 0.599061 0.078734 0.148591
8 0.371753 0.444278 0.047078 0.176452
8 0.694399 0.407131 0.046266 0.170260
8 0.785308 0.394748 0.043019 0.123826
8 0.747565 0.417966 0.058442 0.164069
8 0.479708 0.397070 0.038961 0.131565
8 0.512175 0.383140 0.038961 0.106800
8 0.595373 0.384687 0.036526 0.119182
8 0.563312 0.397844 0.037338 0.099061
8 0.638799 0.393200 0.043831 0.210504
4 0.420860 0.499226 0.036526 0.075843
4 0.437094 0.585130 0.028409 0.052626
4 0.573052 0.530956 0.021104 0.046435
4 0.493506 0.527861 0.024351 0.061913
7 0.342532 0.651686 0.032468 0.058817
7 0.247159 0.621504 0.031656 0.047982
