13 0.620942 0.720025 0.755682 0.861569
13 0.506493 0.806913 0.590097 0.951260
13 0.418020 0.798504 0.472403 0.959669
13 0.210228 0.704609 0.354708 0.806913
3 0.413150 0.431330 0.431007 0.579882
3 0.435876 0.476175 0.457792 0.582684
3 0.469156 0.491592 0.487013 0.584086
3 0.504058 0.488789 0.525974 0.589692
3 0.538961 0.477577 0.554383 0.596699
3 0.569805 0.455154 0.595779 0.577078
3 0.600649 0.467768 0.627435 0.568670
3 0.705357 0.418717 0.740259 0.516817
3 0.293832 0.672376 0.327923 0.760666
1 0.236201 0.501401 0.293831 0.592495
1 0.293020 0.505606 0.339286 0.606509
1 0.339286 0.523824 0.369318 0.627530
1 0.370130 0.544846 0.427760 0.647150
1 0.429383 0.581283 0.564123 0.663967
1 0.659091 0.525226 0.711851 0.605108
1 0.564123 0.560262 0.599026 0.642946
1 0.598214 0.550451 0.659902 0.634537
1 0.573051 0.658362 0.612824 0.727032
1 0.686688 0.595297 0.733766 0.683587
1 0.611201 0.635939 0.691558 0.718623
1 0.443182 0.669573 0.475650 0.752257
1 0.410714 0.658361 0.445617 0.743849
1 0.346591 0.647150 0.411525 0.731236
1 0.282468 0.614917 0.353897 0.677981
