13 0.269886 0.841949 0.185877 0.114917
13 0.710227 0.836343 0.157468 0.114917
13 0.336851 0.519620 0.084416 0.162566
13 0.429383 0.456556 0.063312 0.190595
13 0.592938 0.482482 0.068994 0.208813
13 0.672890 0.535736 0.077922 0.147150
0 0.422484 0.589692 0.026786 0.089692
0 0.555195 0.866474 0.037338 0.113516
3 0.301948 0.801308 0.038961 0.095297
2 0.324269 0.738944 0.054383 0.068670
2 0.254464 0.702507 0.039773 0.065867
1 0.548701 0.778184 0.043831 0.074276
1 0.412338 0.681485 0.042208 0.088290
1 0.447240 0.685690 0.038961 0.079882
1 0.485795 0.684288 0.036526 0.077079
1 0.525974 0.682887 0.040584 0.082684
1 0.565341 0.691996 0.038149 0.075677
