3 0.565746 0.721426 0.599025 0.826534
3 0.626623 0.701806 0.665585 0.804110
3 0.668831 0.677981 0.698863 0.774680
1 0.254870 0.449549 0.321428 0.537839
1 0.318182 0.450950 0.387987 0.557458
1 0.431818 0.525226 0.468344 0.619122
1 0.383117 0.483182 0.433441 0.588290
1 0.539772 0.529430 0.640421 0.628932
1 0.636364 0.508409 0.661526 0.585487
1 0.652597 0.477577 0.684253 0.557459
1 0.682630 0.459359 0.734578 0.550452
2 0.690747 0.612115 0.720779 0.684989
2 0.553571 0.644347 0.594967 0.729835
2 0.616072 0.652757 0.646916 0.718623
2 0.640423 0.620523 0.689935 0.700405
5 0.531656 0.488789 0.562500 0.561663
5 0.656656 0.435534 0.687500 0.492994
5 0.416396 0.456556 0.453734 0.528029
5 0.215097 0.619121 0.252435 0.686391
5 0.274351 0.652756 0.307630 0.710214
5 0.320617 0.663967 0.351461 0.708813
5 0.606331 0.699003 0.633929 0.749455
5 0.743507 0.635939 0.778409 0.694799
5 0.255682 0.379477 0.285714 0.463563
5 0.304384 0.415914 0.348214 0.470570
5 0.485389 0.515416 0.519481 0.568670
