7 0.271916 0.711616 0.336850 0.797104
7 0.672890 0.708813 0.715098 0.760666
7 0.387175 0.378075 0.423701 0.438337
8 0.483766 0.614917 0.521915 0.724229
8 0.517857 0.623326 0.560065 0.731236
8 0.671266 0.607910 0.698864 0.721426
8 0.693182 0.626129 0.724838 0.697601
4 0.271916 0.609311 0.306007 0.659763
4 0.737824 0.591094 0.762176 0.666771
8 0.762175 0.551853 0.824675 0.714419
1 0.562500 0.516818 0.620942 0.593896
1 0.662338 0.495796 0.722403 0.581283
1 0.265423 0.464965 0.329546 0.571473
1 0.325487 0.480380 0.370130 0.568670
1 0.363636 0.509810 0.405032 0.595298
3 0.385552 0.392090 0.407468 0.515416
3 0.270292 0.668172 0.332792 0.760666
5 0.655844 0.436935 0.690746 0.507007
5 0.703734 0.441139 0.728896 0.508408
5 0.504869 0.509810 0.524351 0.570072
5 0.535714 0.484585 0.558441 0.561663
9 0.572240 0.471971 0.599026 0.522423
9 0.294643 0.677982 0.319805 0.732638
