2 0.221185 0.527328 0.072240 0.077079
2 0.655438 0.633136 0.025162 0.047649
2 0.682224 0.619822 0.036526 0.063064
2 0.729708 0.544846 0.034091 0.044846
2 0.284091 0.591093 0.034091 0.050452
2 0.276380 0.511211 0.044643 0.044846
2 0.610795 0.563765 0.041396 0.063064
1 0.550325 0.591794 0.038961 0.077079
5 0.353084 0.519620 0.024351 0.053254
5 0.319399 0.498599 0.025162 0.064466
5 0.268263 0.451651 0.026786 0.054656
5 0.290179 0.659062 0.031656 0.060262
5 0.338068 0.677281 0.030032 0.057459
5 0.602273 0.697602 0.025974 0.050452
5 0.637987 0.681485 0.032468 0.054656
5 0.672890 0.664668 0.022727 0.060262
5 0.727679 0.619122 0.028409 0.070072
5 0.532468 0.528729 0.030844 0.068670
5 0.497159 0.548349 0.025162 0.060262
