6 0.224026 0.385083 0.276786 0.518219
8 0.713475 0.644347 0.767046 0.738243
4 0.241883 0.637340 0.289773 0.700404
4 0.332792 0.662566 0.363636 0.727032
3 0.469155 0.487387 0.498377 0.624727
2 0.520292 0.616318 0.541396 0.666770
2 0.462662 0.612115 0.500000 0.675179
2 0.446428 0.607910 0.468344 0.668172
5 0.584416 0.554656 0.612824 0.620522
5 0.609578 0.543444 0.636364 0.602304
5 0.646103 0.529429 0.664772 0.586888
5 0.692369 0.530832 0.716720 0.582684
5 0.612013 0.703207 0.642857 0.762067
5 0.679384 0.687792 0.708604 0.741046
5 0.521104 0.721426 0.549512 0.770476
5 0.397728 0.715820 0.425324 0.769074
