1 0.321834 0.483748 0.153409 0.103704
1 0.418425 0.584356 0.044643 0.116087
1 0.563312 0.486844 0.042208 0.078939
1 0.659497 0.488391 0.151786 0.088226
3 0.571429 0.431122 0.025974 0.072748
3 0.615260 0.397070 0.030844 0.122278
3 0.715909 0.403261 0.038961 0.100608
2 0.449675 0.585130 0.021104 0.061913
2 0.436688 0.479104 0.022727 0.063461
2 0.539367 0.478331 0.023539 0.071200
2 0.611201 0.562687 0.024351 0.066556
7 0.658279 0.354505 0.030844 0.055722
7 0.270698 0.361470 0.043019 0.066556
5 0.659903 0.431122 0.029221 0.044887
5 0.504058 0.437313 0.037338 0.060365
5 0.458198 0.435765 0.034903 0.060365
5 0.427760 0.432670 0.022727 0.063461
5 0.365260 0.430348 0.029221 0.055722
5 0.249188 0.436539 0.025974 0.052626
5 0.291802 0.432670 0.025162 0.057269
5 0.395698 0.625373 0.025162 0.052626
5 0.433442 0.621504 0.027597 0.060365
5 0.581575 0.616087 0.030032 0.083582
5 0.623782 0.613765 0.028409 0.078939
