3 0.478084 0.416615 0.025974 0.102304
3 0.530438 0.432031 0.020292 0.110713
4 0.284497 0.490190 0.041396 0.092494
4 0.634740 0.483884 0.030844 0.065867
8 0.366477 0.433432 0.043019 0.099502
8 0.396510 0.443242 0.033279 0.107910
8 0.585633 0.439738 0.041396 0.092494
5 0.277597 0.616319 0.042208 0.070072
5 0.370130 0.649252 0.038961 0.060262
5 0.610795 0.663967 0.026786 0.061663
5 0.657873 0.661865 0.030032 0.054656
5 0.755276 0.564466 0.031656 0.067269
5 0.706169 0.604407 0.034091 0.054656
9 0.683442 0.643647 0.024351 0.051853
5 0.627029 0.437636 0.025162 0.063064
5 0.682630 0.424323 0.030844 0.058860
5 0.439935 0.460059 0.022727 0.063064
5 0.261769 0.408907 0.036526 0.064466
5 0.229708 0.558860 0.034091 0.058860
