8 0.317290 0.666137 0.337408 0.740899
8 0.366693 0.681507 0.384518 0.734908
1 0.339954 0.582616 0.513114 0.685462
1 0.524573 0.578660 0.756302 0.669640
9 0.707919 0.665685 0.732110 0.697329
7 0.612427 0.754686 0.662083 0.817976
5 0.593328 0.689418 0.608607 0.754686
5 0.632798 0.691396 0.646804 0.734908
5 0.683728 0.663706 0.696460 0.709196
5 0.733384 0.647883 0.747390 0.687441
5 0.416348 0.661728 0.420168 0.703262
5 0.351413 0.675573 0.361599 0.721063
7 0.718105 0.728974 0.755029 0.786332
7 0.376878 0.756665 0.420168 0.788309
3 0.389610 0.673595 0.403616 0.738863
