13 0.437094 0.857365 0.044643 0.165369
13 0.580763 0.865073 0.085227 0.138742
1 0.504870 0.639442 0.159091 0.057459
5 0.270292 0.429928 0.029221 0.053254
5 0.315341 0.448147 0.030032 0.047649
5 0.552760 0.509109 0.021104 0.057459
5 0.719156 0.430629 0.038961 0.060262
5 0.675325 0.468468 0.030844 0.049050
5 0.782468 0.540641 0.025974 0.047649
5 0.327922 0.610012 0.029221 0.051853
5 0.272727 0.594597 0.029221 0.049050
5 0.564935 0.673077 0.027597 0.054656
5 0.481737 0.675179 0.030032 0.042043
5 0.382305 0.651355 0.029221 0.044846
5 0.417208 0.665369 0.017857 0.050452
5 0.443588 0.513314 0.021916 0.060262
