8 0.340909 0.476044 0.388799 0.569348
8 0.659902 0.613478 0.697240 0.715608
8 0.700487 0.624826 0.737013 0.724434
7 0.600650 0.728217 0.638799 0.781173
2 0.655033 0.535304 0.711851 0.590782
2 0.616884 0.593303 0.661527 0.641217
4 0.785714 0.549174 0.818994 0.589522
5 0.346591 0.653826 0.374188 0.706782
5 0.226461 0.632390 0.262987 0.689130
5 0.279221 0.648782 0.310877 0.699217
5 0.381494 0.653825 0.407468 0.705520
5 0.398538 0.516392 0.427760 0.575653
5 0.288961 0.506304 0.316558 0.570608
5 0.525974 0.502522 0.552760 0.569348
5 0.621753 0.494956 0.638798 0.551696
5 0.647727 0.493696 0.673701 0.539087
5 0.702922 0.476043 0.728084 0.534043
5 0.754870 0.593304 0.786526 0.653826
5 0.542208 0.671477 0.572240 0.730738
5 0.232143 0.491174 0.262175 0.544130
