13 0.256494 0.344283 0.089286 0.144999
13 0.408685 0.276827 0.078734 0.214347
13 0.579545 0.248457 0.076299 0.213086
13 0.712256 0.366348 0.093344 0.146260
13 0.211851 0.771086 0.128247 0.068087
13 0.759740 0.747760 0.123377 0.094565
3 0.243101 0.438218 0.028409 0.095826
3 0.364854 0.450196 0.025162 0.127347
3 0.333604 0.702369 0.030844 0.119782
3 0.375812 0.721912 0.022727 0.123565
3 0.749188 0.421826 0.024351 0.105913
2 0.359578 0.540978 0.040584 0.064304
2 0.526380 0.569348 0.026786 0.055478
2 0.442776 0.564304 0.018669 0.045391
2 0.457386 0.562413 0.017045 0.046652
2 0.717127 0.535304 0.039773 0.055478
2 0.728084 0.595195 0.037338 0.041609
2 0.761769 0.502522 0.047890 0.083217
1 0.345373 0.619782 0.046266 0.073130
