5 0.310064 0.434133 0.359577 0.498599
5 0.263799 0.624727 0.300325 0.682186
5 0.361202 0.626129 0.389611 0.694799
5 0.633117 0.614917 0.668831 0.683587
5 0.600650 0.614918 0.625812 0.661164
5 0.570617 0.613516 0.595779 0.672376
5 0.545454 0.633136 0.569805 0.687792
5 0.466720 0.655559 0.495942 0.725631
5 0.705357 0.606509 0.745131 0.672375
5 0.702922 0.466366 0.732954 0.521022
5 0.664772 0.467768 0.688311 0.519621
5 0.441559 0.490190 0.475650 0.553254
5 0.394481 0.477577 0.427759 0.550451
8 0.564123 0.467767 0.594967 0.539240
8 0.637176 0.446746 0.676949 0.539240
