13 0.304383 0.338835 0.402597 0.501401
13 0.421266 0.246341 0.482954 0.464965
13 0.534902 0.228123 0.588473 0.462162
13 0.603897 0.348645 0.689123 0.508409
13 0.676948 0.680785 0.806818 0.787293
13 0.664773 0.778884 0.799513 0.854561
13 0.181818 0.662566 0.318182 0.745250
13 0.205357 0.729835 0.340097 0.801307
12 0.675325 0.535036 0.728085 0.598100
12 0.625812 0.550451 0.687500 0.614917
12 0.689123 0.578480 0.747565 0.645749
12 0.637988 0.607910 0.697241 0.668172
12 0.254870 0.532234 0.377436 0.607911
12 0.250000 0.602305 0.370130 0.648551
12 0.355520 0.628931 0.448052 0.710214
12 0.447240 0.663968 0.552759 0.720025
12 0.553572 0.655558 0.641234 0.717221
12 0.381494 0.567268 0.631494 0.642945
