1 0.577110 0.476783 0.037338 0.092869
1 0.690747 0.560365 0.128247 0.092869
1 0.715503 0.441957 0.120942 0.091321
1 0.625000 0.462852 0.060065 0.086678
1 0.351867 0.548756 0.151786 0.109895
3 0.302354 0.349087 0.038149 0.103704
2 0.439123 0.469044 0.037338 0.061913
2 0.258117 0.409452 0.037338 0.038696
2 0.303977 0.423383 0.036526 0.057269
5 0.590503 0.418739 0.025162 0.054174
5 0.720779 0.388557 0.032468 0.049530
5 0.270698 0.558817 0.023539 0.058817
5 0.365260 0.393200 0.027597 0.052626
5 0.425325 0.414096 0.021104 0.054174
5 0.396104 0.397844 0.021104 0.049530
5 0.508523 0.600608 0.030032 0.068104
5 0.484984 0.602156 0.021916 0.065008
5 0.463068 0.589774 0.025162 0.052626
5 0.598620 0.608347 0.028409 0.065008
5 0.633523 0.599834 0.026786 0.066556
5 0.707792 0.595191 0.025974 0.057269
5 0.759334 0.565008 0.041396 0.058817
