3 0.697240 0.638741 0.769480 0.735441
3 0.668019 0.473372 0.701299 0.568669
3 0.534091 0.490191 0.554383 0.605108
3 0.568182 0.457957 0.588474 0.591093
3 0.383117 0.498599 0.409091 0.612115
3 0.360389 0.469169 0.379059 0.591093
2 0.260552 0.582684 0.306818 0.649953
2 0.314936 0.588290 0.358766 0.655559
2 0.351461 0.581283 0.383929 0.640143
2 0.383117 0.591094 0.413961 0.631734
2 0.387175 0.630333 0.412337 0.669573
2 0.460227 0.598101 0.481331 0.644347
2 0.489448 0.621924 0.510552 0.663968
2 0.538150 0.600903 0.563312 0.658361
2 0.590909 0.628932 0.612825 0.669573
1 0.565747 0.568670 0.712663 0.651354
2 0.677760 0.596699 0.733766 0.669573
5 0.637987 0.659763 0.668019 0.727032
5 0.677760 0.648552 0.706981 0.714418
5 0.644480 0.533635 0.681818 0.581284
5 0.689123 0.509810 0.722403 0.571473
