1 0.370536 0.534777 0.038149 0.072646
5 0.393263 0.485316 0.030032 0.069555
5 0.353896 0.481452 0.030844 0.055644
5 0.430601 0.486862 0.025162 0.075737
5 0.458604 0.464450 0.024351 0.086557
5 0.499188 0.480679 0.029221 0.072646
5 0.557224 0.468314 0.023539 0.069555
5 0.526786 0.463677 0.021104 0.085011
5 0.671672 0.489180 0.033279 0.064918
5 0.752435 0.463677 0.027597 0.063372
5 0.765016 0.646065 0.031656 0.063372
5 0.806818 0.568782 0.032468 0.057189
5 0.640016 0.636018 0.031656 0.071100
5 0.598620 0.632154 0.028409 0.060281
5 0.596591 0.473724 0.029221 0.074192
2 0.724026 0.557962 0.038961 0.063372
9 0.794643 0.623653 0.019481 0.058735
9 0.728490 0.483771 0.030032 0.069555
