3 0.237825 0.647151 0.288961 0.753660
3 0.709416 0.666770 0.766234 0.784490
2 0.645292 0.533635 0.685876 0.600904
2 0.690747 0.528029 0.731331 0.575678
2 0.317370 0.619121 0.356332 0.655559
2 0.363637 0.637340 0.397728 0.676580
2 0.302760 0.528029 0.340098 0.585487
2 0.258928 0.522423 0.291396 0.568669
2 0.222402 0.477577 0.259740 0.535035
2 0.372565 0.540641 0.402597 0.595297
2 0.340909 0.551853 0.373377 0.585487
2 0.587662 0.626129 0.615260 0.669573
2 0.629058 0.620522 0.677760 0.662566
1 0.681006 0.595297 0.741071 0.669573
