1 0.318182 0.633135 0.424512 0.714418
1 0.546266 0.563065 0.581980 0.645749
1 0.580357 0.547649 0.721591 0.630333
1 0.633117 0.651355 0.668831 0.729835
1 0.663150 0.647151 0.713475 0.724229
1 0.698863 0.600903 0.752435 0.704609
2 0.269481 0.571473 0.312500 0.626129
2 0.318993 0.568671 0.347403 0.620524
2 0.353085 0.578480 0.376623 0.628932
2 0.531656 0.596699 0.553572 0.638742
2 0.608766 0.655559 0.630682 0.693397
3 0.396915 0.704609 0.413149 0.812519
3 0.336038 0.699003 0.354708 0.798505
3 0.641234 0.720024 0.663150 0.805512
3 0.655844 0.463563 0.677760 0.575677
3 0.590908 0.431329 0.610390 0.571472
3 0.552760 0.446746 0.578734 0.574276
