3 0.338474 0.421835 0.032468 0.156330
3 0.366883 0.691930 0.029221 0.130017
2 0.687094 0.529409 0.033279 0.086678
2 0.655032 0.527861 0.019481 0.049530
2 0.514205 0.506965 0.021916 0.066556
2 0.339692 0.512383 0.026786 0.058817
2 0.286932 0.504643 0.025162 0.068104
1 0.756494 0.589774 0.055195 0.086678
5 0.296672 0.630017 0.038149 0.058817
5 0.517451 0.643173 0.036526 0.069652
5 0.483360 0.650913 0.026786 0.069652
5 0.417208 0.632339 0.027597 0.066556
5 0.453328 0.628469 0.023539 0.071200
5 0.351055 0.646269 0.031656 0.060365
5 0.387581 0.629243 0.026786 0.063461
5 0.388799 0.462078 0.021104 0.051078
5 0.363231 0.459757 0.015422 0.049530
5 0.413149 0.456661 0.029221 0.052626
5 0.446429 0.455113 0.019481 0.058817
5 0.480114 0.456661 0.028409 0.061913
5 0.551948 0.635434 0.025974 0.063461
5 0.581981 0.643173 0.025974 0.063461
5 0.613231 0.643947 0.021916 0.068104
5 0.648539 0.638530 0.022727 0.051078
5 0.696834 0.667165 0.034903 0.071200
5 0.743912 0.647043 0.031656 0.083582
5 0.717532 0.489939 0.021104 0.057269
5 0.584010 0.469044 0.020292 0.052626
