9 0.276786 0.685690 0.027597 0.046247
8 0.396916 0.549050 0.030844 0.100903
8 0.464286 0.526627 0.038961 0.112114
8 0.430601 0.518919 0.039773 0.119122
8 0.562500 0.544846 0.035714 0.126129
8 0.662338 0.558860 0.025974 0.106509
8 0.681412 0.550452 0.026786 0.109312
8 0.711851 0.545546 0.040584 0.107910
8 0.751623 0.557459 0.050325 0.162566
7 0.466721 0.469869 0.079545 0.088290
7 0.567370 0.465665 0.040584 0.099502
5 0.428977 0.706010 0.041396 0.064466
5 0.602273 0.688492 0.037338 0.049050
5 0.560065 0.673777 0.029221 0.050452
5 0.533685 0.661865 0.021916 0.040641
5 0.298295 0.707412 0.033279 0.067269
5 0.252029 0.654858 0.034903 0.057459
5 0.353896 0.567269 0.029221 0.067269
5 0.627841 0.573575 0.025162 0.051853
5 0.604302 0.570772 0.023539 0.043444
1 0.615666 0.625428 0.091721 0.082684
1 0.304383 0.607910 0.066558 0.095297
