4 0.422484 0.565117 0.036526 0.063017
4 0.686282 0.542711 0.034903 0.074220
4 0.653815 0.550413 0.026786 0.064417
4 0.617289 0.551114 0.020292 0.054615
4 0.643263 0.654741 0.031656 0.046212
5 0.335633 0.488097 0.026786 0.071419
5 0.385958 0.528007 0.021916 0.042011
5 0.411526 0.525207 0.021104 0.039210
5 0.300731 0.668745 0.028409 0.068618
5 0.355114 0.673646 0.025162 0.050413
5 0.390828 0.689050 0.030032 0.056015
5 0.430601 0.698853 0.017045 0.044812
5 0.710633 0.679248 0.026786 0.050413
5 0.730519 0.466391 0.032468 0.056015
5 0.577922 0.536410 0.016234 0.064417
5 0.547890 0.538510 0.021104 0.049013
5 0.251218 0.441184 0.026786 0.053214
5 0.598620 0.700954 0.026786 0.057415
5 0.565747 0.708656 0.022727 0.056015
3 0.680195 0.753468 0.025974 0.044812
2 0.713474 0.606428 0.034091 0.058816
