2 0.371753 0.511177 0.392857 0.565669
8 0.242695 0.431537 0.278409 0.522355
8 0.286525 0.435729 0.352272 0.530739
8 0.217532 0.543314 0.280032 0.600599
8 0.656656 0.406388 0.706168 0.506987
8 0.698863 0.388224 0.744318 0.505588
8 0.724838 0.375649 0.786526 0.515369
8 0.651786 0.569860 0.692370 0.645310
8 0.668019 0.509781 0.737013 0.614571
7 0.232143 0.621557 0.265421 0.681637
7 0.264610 0.648103 0.299513 0.702595
7 0.654221 0.638322 0.676137 0.690020
7 0.744318 0.554491 0.776786 0.610379
5 0.596591 0.423154 0.637175 0.497206
5 0.523539 0.442715 0.547890 0.506985
5 0.546266 0.611776 0.568993 0.674650
5 0.584415 0.604790 0.602272 0.660678
5 0.614449 0.592216 0.637176 0.642515
5 0.341721 0.615968 0.367695 0.671856
5 0.387175 0.627146 0.412337 0.676048
5 0.431818 0.622954 0.458604 0.678842
4 0.282467 0.530739 0.330357 0.585230
4 0.197240 0.493014 0.242696 0.537724
