3 0.438311 0.428130 0.456981 0.551696
3 0.505682 0.423088 0.526786 0.544130
3 0.355519 0.418044 0.390423 0.522696
3 0.674512 0.652564 0.719967 0.747130
3 0.636363 0.648782 0.663149 0.754694
2 0.282467 0.517653 0.314123 0.563044
2 0.344156 0.525217 0.370942 0.585739
2 0.461039 0.537826 0.478897 0.587000
2 0.443993 0.532783 0.460227 0.587000
2 0.371753 0.523957 0.404221 0.574392
2 0.659091 0.513870 0.679383 0.569348
2 0.642045 0.517652 0.663149 0.565566
2 0.616884 0.520174 0.645292 0.575652
2 0.599025 0.518913 0.617695 0.568087
2 0.659091 0.589522 0.705357 0.652564
2 0.339285 0.619783 0.371753 0.673999
2 0.366883 0.605913 0.409091 0.667695
2 0.297889 0.602129 0.324675 0.652564
5 0.661526 0.459652 0.689123 0.517652
5 0.703734 0.448304 0.726460 0.505043
5 0.577110 0.639956 0.607954 0.692912
5 0.702111 0.617260 0.727273 0.676521
5 0.400163 0.651304 0.425325 0.702999
5 0.344967 0.655087 0.379870 0.706782
5 0.546266 0.632391 0.563311 0.696695
5 0.558441 0.484870 0.586039 0.540348
5 0.259740 0.459652 0.283279 0.502521
5 0.309253 0.489913 0.336039 0.530261
