13 0.287879 0.380935 0.108734 0.138448
13 0.415330 0.292328 0.096257 0.215979
13 0.621212 0.310326 0.076649 0.213210
13 0.725490 0.385088 0.078431 0.185520
13 0.795009 0.768589 0.156863 0.060917
13 0.196078 0.722901 0.153298 0.096914
2 0.301120 0.555914 0.026738 0.057357
2 0.197352 0.499546 0.035651 0.047468
2 0.436084 0.565804 0.024191 0.049446
2 0.714286 0.633050 0.022918 0.037579
2 0.802776 0.517347 0.029284 0.031645
2 0.279475 0.615249 0.024191 0.025712
2 0.210721 0.575693 0.039470 0.045490
11 0.485740 0.466912 0.024191 0.037579
2 0.245098 0.591593 0.010893 0.043073
2 0.663498 0.630051 0.031689 0.030766
2 0.618439 0.643126 0.018816 0.023075
11 0.527120 0.465923 0.030558 0.047468
