3 0.678571 0.764170 0.047078 0.093896
2 0.376218 0.693397 0.028409 0.047649
4 0.663555 0.702507 0.039773 0.054656
4 0.577922 0.590392 0.021104 0.046247
5 0.582386 0.731937 0.021916 0.068670
5 0.615260 0.724229 0.024351 0.056057
5 0.487419 0.723528 0.021916 0.063064
5 0.513393 0.726331 0.021916 0.060262
5 0.535308 0.721426 0.018669 0.061663
5 0.359984 0.725630 0.026786 0.056057
5 0.351055 0.574977 0.023539 0.054656
5 0.646510 0.583385 0.026786 0.051853
5 0.556412 0.722127 0.013799 0.054656
5 0.463880 0.733338 0.018669 0.054656
5 0.435065 0.731937 0.019481 0.060262
5 0.398133 0.732637 0.018669 0.044846
