6 0.207792 0.659062 0.068182 0.105107
2 0.621347 0.612114 0.046266 0.070072
2 0.682630 0.659062 0.042208 0.040641
2 0.633523 0.688492 0.031656 0.040641
2 0.349838 0.676580 0.022727 0.033634
5 0.363231 0.570772 0.021916 0.051853
5 0.393669 0.581984 0.024351 0.049050
5 0.627029 0.722827 0.018669 0.064466
5 0.664773 0.707412 0.025974 0.058860
5 0.370536 0.722827 0.026786 0.064466
5 0.332386 0.713718 0.021916 0.046247
5 0.268263 0.530831 0.028409 0.053254
5 0.495942 0.614917 0.021104 0.044846
5 0.442370 0.739645 0.019481 0.042043
5 0.558442 0.739645 0.019481 0.039240
5 0.591315 0.736141 0.021916 0.043444
