5 0.312499 0.688834 0.357955 0.739912
5 0.370131 0.677999 0.397728 0.729077
5 0.407468 0.676451 0.431007 0.729077
5 0.581168 0.486070 0.599025 0.537148
5 0.549512 0.492260 0.568994 0.555721
5 0.508929 0.498452 0.534903 0.554174
5 0.337662 0.469044 0.362013 0.530957
5 0.383117 0.481426 0.403409 0.518574
0 0.646104 0.383914 0.669643 0.481426
0 0.683442 0.360696 0.709416 0.462852
3 0.718344 0.362243 0.751623 0.475234
3 0.269480 0.677999 0.322240 0.767773
2 0.440746 0.541792 0.457791 0.583583
2 0.460227 0.552626 0.474837 0.600608
2 0.475649 0.546435 0.491071 0.599061
2 0.506494 0.551078 0.521104 0.622278
2 0.518668 0.560365 0.537338 0.614539
2 0.566559 0.527860 0.597403 0.589774
2 0.736201 0.546434 0.775162 0.619182
2 0.693994 0.594417 0.728896 0.677999
2 0.662338 0.609895 0.691558 0.677999
2 0.606332 0.643947 0.623377 0.693477
2 0.620941 0.637756 0.637175 0.691930
2 0.356330 0.637756 0.391234 0.685738
1 0.292208 0.486070 0.416396 0.580487
1 0.649350 0.476782 0.682630 0.557269
1 0.672890 0.458209 0.715908 0.546435
1 0.706981 0.458209 0.756493 0.535600
1 0.289773 0.622278 0.357143 0.704312
2 0.617694 0.526313 0.657467 0.594417
5 0.449676 0.673356 0.474027 0.732173
5 0.513799 0.674903 0.542207 0.730625
5 0.550324 0.674903 0.573863 0.738364
5 0.577922 0.667165 0.604708 0.730626
5 0.688312 0.653234 0.716720 0.704312
5 0.736201 0.617634 0.762175 0.664069
