5 0.417614 0.471365 0.026786 0.088226
5 0.444399 0.515478 0.018669 0.077391
5 0.473620 0.514704 0.020292 0.072748
5 0.504058 0.512383 0.017857 0.080487
5 0.536932 0.522443 0.023539 0.069652
5 0.566964 0.521669 0.021916 0.071200
5 0.458198 0.740686 0.025162 0.066556
5 0.512581 0.733721 0.025162 0.061913
5 0.542614 0.714373 0.030032 0.044887
5 0.575893 0.711278 0.026786 0.041791
5 0.605519 0.708956 0.025974 0.049530
5 0.689123 0.705086 0.029221 0.051078
5 0.737825 0.661747 0.030844 0.057269
1 0.528409 0.664069 0.396104 0.089774
3 0.377029 0.750747 0.015422 0.102156
3 0.438718 0.749973 0.013799 0.094417
3 0.621753 0.760034 0.017857 0.105252
3 0.590909 0.759260 0.014610 0.109895
