13 0.343750 0.421520 0.109578 0.204609
13 0.427354 0.357054 0.064123 0.229835
13 0.551542 0.406805 0.073864 0.194799
13 0.619318 0.371769 0.086039 0.256462
13 0.688312 0.440439 0.056818 0.172376
13 0.244724 0.768374 0.125812 0.077079
13 0.293019 0.802709 0.131494 0.075677
13 0.719156 0.818125 0.194805 0.117720
0 0.622159 0.782388 0.041396 0.113516
0 0.668831 0.743849 0.050325 0.103706
0 0.278003 0.704609 0.051136 0.117720
0 0.324269 0.757863 0.051136 0.131734
3 0.726055 0.715820 0.052760 0.092494
3 0.581981 0.514715 0.029221 0.161165
3 0.481737 0.533634 0.018669 0.120523
3 0.318588 0.511211 0.030032 0.120523
1 0.481737 0.628932 0.041396 0.100903
1 0.572240 0.616319 0.035714 0.092494
1 0.329545 0.595998 0.050325 0.065867
2 0.282468 0.606509 0.042208 0.036437
2 0.388799 0.613516 0.019481 0.053254
2 0.525162 0.634537 0.011364 0.042043
2 0.534497 0.633136 0.012175 0.039240
2 0.620942 0.591093 0.024351 0.050452
2 0.639205 0.592494 0.013799 0.050452
2 0.700487 0.651355 0.048701 0.056057
