1 0.228084 0.481087 0.288150 0.578174
1 0.286526 0.505043 0.417208 0.589521
1 0.464286 0.512609 0.511364 0.589522
1 0.593344 0.508826 0.644480 0.597086
1 0.642857 0.500000 0.780845 0.592044
1 0.370941 0.597087 0.616071 0.696695
3 0.405033 0.667695 0.422077 0.733261
3 0.438312 0.672739 0.455356 0.728217
3 0.560877 0.661390 0.583603 0.747130
3 0.447240 0.429391 0.471591 0.530261
7 0.427760 0.733260 0.457792 0.778651
2 0.507305 0.551696 0.541397 0.579434
2 0.437499 0.530261 0.471590 0.581956
5 0.710227 0.455870 0.741071 0.522696
5 0.752435 0.463436 0.785714 0.526478
5 0.324675 0.464696 0.356331 0.529000
5 0.261363 0.459652 0.298701 0.515130
