13 0.266234 0.304566 0.396104 0.415522
13 0.409091 0.152001 0.470779 0.378957
13 0.533280 0.178480 0.593345 0.406697
13 0.626623 0.305827 0.732142 0.429392
13 0.224026 0.718130 0.355520 0.802608
13 0.631494 0.744608 0.765423 0.811434
3 0.293831 0.624826 0.350649 0.733260
3 0.405844 0.440740 0.426136 0.537826
3 0.672079 0.378957 0.694805 0.487391
2 0.638798 0.599608 0.672077 0.652564
2 0.670454 0.565565 0.719156 0.603391
2 0.392858 0.520174 0.420455 0.571870
2 0.336850 0.573130 0.374188 0.629870
2 0.581169 0.541608 0.611201 0.599608
