4 0.560065 0.450950 0.577923 0.498598
4 0.576299 0.446746 0.600650 0.511212
4 0.601461 0.565867 0.619318 0.614917
4 0.575487 0.556057 0.591721 0.609311
5 0.523538 0.434132 0.543019 0.485986
5 0.588473 0.414513 0.607955 0.463563
5 0.534091 0.561663 0.549513 0.616319
5 0.517857 0.560262 0.539773 0.623326
5 0.427760 0.432731 0.458604 0.490191
5 0.494318 0.432731 0.515422 0.488789
5 0.500000 0.572874 0.517045 0.631734
5 0.478896 0.571473 0.498377 0.628931
5 0.557631 0.556057 0.574676 0.614917
5 0.583604 0.561663 0.604708 0.619121
5 0.612013 0.557458 0.629870 0.617720
8 0.687501 0.341638 0.730519 0.425724
