8 0.321834 0.465174 0.026786 0.103704
8 0.684253 0.445052 0.038961 0.088226
8 0.295455 0.441183 0.030844 0.102156
3 0.466721 0.421835 0.025974 0.116087
3 0.327516 0.696573 0.017045 0.120730
3 0.357549 0.699669 0.021916 0.130017
3 0.648133 0.712051 0.021916 0.117634
4 0.652192 0.669486 0.021916 0.063461
4 0.597808 0.502322 0.026786 0.069652
4 0.656250 0.521669 0.028409 0.071200
4 0.729708 0.489939 0.055195 0.063461
4 0.406656 0.510061 0.024351 0.082034
5 0.382711 0.450470 0.025162 0.071200
5 0.420049 0.446600 0.023539 0.075843
5 0.591721 0.424931 0.025974 0.072748
5 0.629464 0.446600 0.026786 0.066556
5 0.747565 0.440409 0.025974 0.057269
5 0.754464 0.598287 0.030032 0.066556
5 0.584821 0.686512 0.021916 0.054174
5 0.627435 0.688060 0.027597 0.063461
5 0.405438 0.701991 0.017045 0.060365
5 0.375406 0.673356 0.021916 0.071200
5 0.254464 0.617634 0.025162 0.074295
5 0.310877 0.659426 0.024351 0.061913
1 0.256494 0.548756 0.055195 0.128469
1 0.297890 0.585904 0.029221 0.088226
1 0.347403 0.602930 0.074675 0.082034
1 0.404221 0.630017 0.040584 0.086678
1 0.498782 0.650913 0.148539 0.128469
1 0.594968 0.621504 0.043831 0.091321
1 0.650568 0.612991 0.065747 0.105252
1 0.708198 0.583582 0.054383 0.120730
1 0.761364 0.520896 0.050325 0.106800
