1 0.437906 0.509810 0.254058 0.109312
1 0.688312 0.502803 0.055195 0.128932
1 0.614042 0.520321 0.099838 0.091093
8 0.276380 0.600202 0.047890 0.071473
8 0.299107 0.635939 0.064123 0.081283
8 0.564123 0.694799 0.030844 0.117720
8 0.490260 0.669573 0.032468 0.109312
8 0.465909 0.676580 0.030844 0.151355
5 0.518263 0.659763 0.026786 0.072874
5 0.579545 0.671675 0.030844 0.068670
5 0.544643 0.666070 0.024351 0.068670
5 0.452110 0.665369 0.022727 0.064466
5 0.632711 0.455855 0.025162 0.063064
5 0.672484 0.441140 0.028409 0.061663
5 0.594968 0.457957 0.024351 0.053254
3 0.577922 0.436235 0.016234 0.091093
3 0.554789 0.441140 0.015422 0.112114
3 0.530438 0.439038 0.020292 0.113516
3 0.445617 0.427126 0.021104 0.137340
3 0.479302 0.466366 0.018669 0.086889
