8 0.272727 0.430446 0.309253 0.543278
8 0.300325 0.418080 0.336039 0.526276
8 0.330357 0.444356 0.370131 0.527822
8 0.612824 0.637564 0.655843 0.739578
8 0.495941 0.585012 0.530033 0.717939
4 0.460228 0.580375 0.479708 0.632928
4 0.473214 0.569555 0.488636 0.626744
4 0.556007 0.552552 0.578734 0.617470
4 0.426137 0.541732 0.449676 0.611287
5 0.396915 0.472179 0.426137 0.540188
5 0.431818 0.456722 0.456170 0.535551
5 0.423701 0.636018 0.450487 0.700936
5 0.543831 0.608197 0.564123 0.674659
5 0.565746 0.606650 0.585228 0.682387
