3 0.271916 0.425725 0.316559 0.522424
3 0.342532 0.687792 0.361202 0.799906
3 0.373377 0.694798 0.392857 0.801307
3 0.415585 0.689194 0.435065 0.815322
3 0.427760 0.480380 0.452111 0.586889
3 0.465097 0.460759 0.487825 0.591093
3 0.511363 0.462161 0.533279 0.582684
3 0.548701 0.463563 0.569805 0.586889
3 0.585227 0.470570 0.606331 0.592494
2 0.342532 0.638742 0.368506 0.683588
2 0.280844 0.518219 0.318993 0.582685
2 0.427760 0.582684 0.452111 0.631734
2 0.462663 0.592495 0.490260 0.638741
2 0.507306 0.585488 0.535714 0.631734
2 0.547890 0.574276 0.570616 0.627530
2 0.444805 0.670975 0.467533 0.714419
2 0.413961 0.651354 0.440747 0.699003
2 0.376623 0.647151 0.404220 0.699003
5 0.577922 0.675179 0.603896 0.732637
5 0.612825 0.668172 0.639611 0.724229
5 0.542208 0.676580 0.564935 0.731236
5 0.512987 0.670974 0.537338 0.731236
5 0.487013 0.670974 0.508929 0.735440
5 0.460227 0.669573 0.482955 0.738243
5 0.379870 0.523824 0.405032 0.574276
5 0.445617 0.543444 0.473214 0.609311
5 0.530033 0.523825 0.554384 0.596699
5 0.595778 0.523825 0.615260 0.586889
