8 0.393939 0.476097 0.017825 0.081579
8 0.626263 0.497625 0.016637 0.088378
8 0.712418 0.648320 0.053476 0.081579
8 0.760547 0.610929 0.054664 0.074781
8 0.275104 0.643788 0.034462 0.067983
8 0.310160 0.672114 0.038027 0.106506
4 0.447040 0.578920 0.017825 0.033991
4 0.469087 0.556557 0.015011 0.050093
4 0.501923 0.583392 0.015011 0.035780
4 0.582606 0.580709 0.024393 0.051882
4 0.565250 0.563713 0.008444 0.042936
4 0.540388 0.552979 0.009382 0.039358
4 0.552116 0.663004 0.004691 0.023257
4 0.514589 0.673738 0.004691 0.023257
4 0.593864 0.534194 0.013134 0.037569
5 0.591050 0.670160 0.009382 0.041147
5 0.556337 0.702362 0.009382 0.041147
5 0.532414 0.679999 0.006567 0.046514
5 0.491603 0.675527 0.011258 0.051882
5 0.465804 0.684472 0.006567 0.051882
5 0.430622 0.666582 0.005629 0.041147
5 0.399662 0.666582 0.009382 0.044725
5 0.455953 0.523460 0.007505 0.023257
5 0.481753 0.520777 0.004691 0.028624
5 0.572286 0.521671 0.009382 0.023257
