13 0.237825 0.292588 0.323052 0.429928
13 0.382305 0.195889 0.449675 0.399097
13 0.543831 0.151044 0.626623 0.434133
13 0.658279 0.288384 0.741883 0.449549
13 0.651786 0.721426 0.786526 0.847554
13 0.113637 0.776082 0.279221 0.846154
12 0.184254 0.494394 0.306818 0.577078
12 0.177760 0.542044 0.331169 0.647151
12 0.676948 0.478978 0.810877 0.553254
12 0.680195 0.558860 0.809253 0.633136
12 0.581169 0.536437 0.694805 0.600903
12 0.580357 0.600903 0.677759 0.677981
12 0.431818 0.560262 0.580357 0.626128
12 0.334415 0.551853 0.436689 0.614917
12 0.324676 0.621924 0.583604 0.686390
