5 0.274350 0.644348 0.296266 0.690595
5 0.316558 0.655558 0.353084 0.703207
5 0.372564 0.662566 0.407467 0.729835
5 0.606331 0.662566 0.628247 0.711616
5 0.726461 0.648552 0.756493 0.711616
6 0.184254 0.324821 0.258929 0.453753
6 0.741072 0.303800 0.813312 0.445344
6 0.785714 0.620524 0.849837 0.760666
6 0.132306 0.507007 0.218344 0.645749
4 0.217532 0.553255 0.265422 0.635939
7 0.364449 0.443942 0.403410 0.499999
2 0.702111 0.522423 0.748377 0.579881
2 0.259740 0.509810 0.318182 0.578480
3 0.277597 0.400498 0.314935 0.511212
