2 0.283279 0.520896 0.035714 0.060365
2 0.345373 0.633886 0.034903 0.060365
2 0.730114 0.656330 0.038149 0.049530
2 0.379058 0.672582 0.029221 0.082034
3 0.366477 0.749973 0.026786 0.082034
3 0.418019 0.465174 0.019481 0.134660
3 0.616071 0.494583 0.017857 0.116087
3 0.644075 0.504643 0.020292 0.099061
3 0.718344 0.498452 0.034091 0.095965
1 0.395698 0.554948 0.080357 0.047982
1 0.330357 0.530183 0.055195 0.097513
1 0.515422 0.570426 0.160714 0.088226
1 0.664367 0.567330 0.138799 0.085130
4 0.310877 0.654782 0.025974 0.052626
5 0.423295 0.708182 0.021916 0.066556
5 0.620536 0.729851 0.030032 0.078939
5 0.653815 0.726756 0.021916 0.060365
5 0.734984 0.736817 0.038149 0.061913
9 0.761769 0.722112 0.028409 0.044887
5 0.778409 0.508513 0.021104 0.085130
5 0.351055 0.476783 0.026786 0.068104
5 0.306006 0.459757 0.032468 0.061913
5 0.288961 0.674904 0.029221 0.058817
9 0.265422 0.660973 0.027597 0.055722
