5 0.585227 0.717922 0.027597 0.049050
5 0.674919 0.518919 0.025162 0.060262
5 0.721591 0.501401 0.024351 0.075677
5 0.593750 0.565167 0.023539 0.071473
5 0.294237 0.501401 0.026786 0.061663
5 0.340909 0.509810 0.027597 0.064466
5 0.389205 0.531532 0.020292 0.063064
5 0.562906 0.571473 0.023539 0.058860
5 0.538555 0.565867 0.018669 0.053254
5 0.551542 0.735440 0.023539 0.070072
5 0.525974 0.729835 0.019481 0.056057
5 0.506088 0.730535 0.021916 0.060262
5 0.486607 0.729134 0.017045 0.057459
5 0.426948 0.722827 0.019481 0.070072
4 0.405438 0.586188 0.033279 0.065867
