3 0.561282 0.541342 0.015422 0.102304
3 0.589286 0.517518 0.017857 0.191996
4 0.405844 0.578480 0.038961 0.075677
5 0.290584 0.471271 0.025974 0.071473
5 0.338880 0.502102 0.023539 0.060262
5 0.398539 0.517518 0.027597 0.063064
5 0.689529 0.484584 0.028409 0.098100
5 0.728084 0.484584 0.027597 0.072874
5 0.610390 0.568670 0.021104 0.078480
5 0.549513 0.567969 0.019481 0.054656
5 0.561282 0.732637 0.025162 0.084086
5 0.596591 0.711616 0.024351 0.064466
5 0.431412 0.711616 0.025162 0.064466
5 0.471185 0.714419 0.018669 0.047649
5 0.493101 0.715820 0.017045 0.053254
5 0.513393 0.713718 0.018669 0.046247
5 0.537338 0.716521 0.014610 0.046247
5 0.513799 0.559561 0.014610 0.060262
