8 0.649351 0.365340 0.701299 0.475235
8 0.299512 0.625374 0.339286 0.739912
3 0.433441 0.376174 0.465909 0.506192
3 0.554384 0.380818 0.577923 0.500000
3 0.508928 0.385462 0.540584 0.501548
5 0.241883 0.387010 0.263799 0.447375
5 0.279221 0.427252 0.300325 0.487617
5 0.331169 0.452018 0.353085 0.501548
5 0.391234 0.467496 0.410714 0.529409
5 0.611201 0.645495 0.637175 0.696573
5 0.645292 0.623826 0.665584 0.684191
5 0.678571 0.585130 0.705357 0.651686
5 0.727273 0.540243 0.755682 0.611443
5 0.728896 0.402487 0.760552 0.464400
4 0.279220 0.520122 0.318994 0.602156
4 0.561689 0.616086 0.585228 0.670260
4 0.592533 0.521670 0.612825 0.565009
4 0.388798 0.524765 0.412337 0.585130
4 0.429383 0.523218 0.469967 0.603704
4 0.498376 0.517027 0.546266 0.592869
