13 0.420860 0.367565 0.080357 0.256462
13 0.566558 0.361959 0.082792 0.222827
13 0.683036 0.440439 0.070617 0.158362
13 0.312500 0.438337 0.074675 0.154157
13 0.254464 0.754360 0.119318 0.071473
13 0.716315 0.741046 0.125812 0.053254
12 0.286120 0.591093 0.138799 0.084086
12 0.312094 0.664668 0.080357 0.068670
12 0.427760 0.625428 0.120130 0.074276
12 0.377029 0.687792 0.044643 0.061663
12 0.493101 0.699704 0.190747 0.071473
12 0.564123 0.624727 0.149351 0.081283
12 0.710227 0.588290 0.133117 0.078480
12 0.683847 0.660464 0.090097 0.065867
12 0.746753 0.637340 0.043831 0.039240
12 0.618101 0.690595 0.057630 0.053254
