13 0.376878 0.291588 0.068755 0.126254
13 0.471098 0.240601 0.043290 0.208804
13 0.586962 0.236959 0.043290 0.230656
13 0.661446 0.328007 0.062389 0.087406
13 0.737841 0.720122 0.131143 0.070411
13 0.296664 0.737118 0.134963 0.089834
7 0.338044 0.687345 0.029284 0.092262
7 0.618793 0.745615 0.028011 0.048559
2 0.374332 0.481070 0.025165 0.069982
2 0.411031 0.494067 0.020971 0.055986
2 0.433050 0.509063 0.018874 0.049987
2 0.634896 0.502065 0.019922 0.035991
2 0.667401 0.476071 0.024117 0.039990
2 0.668973 0.553052 0.037748 0.025993
2 0.706721 0.523059 0.020971 0.029992
2 0.626507 0.573047 0.019922 0.021994
2 0.601866 0.600040 0.014680 0.047988
2 0.419943 0.573047 0.013631 0.025993
2 0.383768 0.570047 0.020971 0.067983
2 0.333962 0.548053 0.030408 0.075981
3 0.436720 0.414087 0.015728 0.123968
3 0.613400 0.691017 0.016777 0.081979
3 0.375904 0.659025 0.007340 0.085978
3 0.352312 0.630032 0.016777 0.075981
3 0.303555 0.625033 0.013631 0.069982
3 0.325050 0.623034 0.014680 0.069982
12 0.515361 0.550053 0.097515 0.047988
12 0.522701 0.624034 0.114292 0.055986
4 0.404889 0.586911 0.003395 0.043703
