0 0.305601 0.731236 0.044643 0.139817
0 0.365666 0.715871 0.036526 0.133671
0 0.682224 0.701275 0.034903 0.113697
0 0.648539 0.700507 0.035714 0.121380
0 0.495536 0.352501 0.041396 0.110624
0 0.334821 0.422409 0.031656 0.090651
1 0.650568 0.589114 0.051136 0.113697
1 0.353084 0.610624 0.053571 0.113697
1 0.340097 0.509219 0.051948 0.095260
1 0.490260 0.467735 0.048701 0.122916
2 0.414367 0.616002 0.030032 0.059922
2 0.387987 0.625221 0.025974 0.056849
2 0.596591 0.597565 0.027597 0.050703
2 0.623782 0.601406 0.026786 0.058385
2 0.388393 0.483099 0.025162 0.043021
2 0.255276 0.523047 0.038149 0.067604
2 0.292208 0.524583 0.037338 0.079895
