0 0.329545 0.277783 0.368507 0.385847
0 0.377435 0.293004 0.417207 0.405634
3 0.629058 0.329533 0.668019 0.463472
2 0.564123 0.539573 0.590909 0.598931
2 0.589285 0.542617 0.623377 0.600453
2 0.581169 0.469559 0.606331 0.527396
2 0.604707 0.466515 0.632305 0.524352
1 0.622565 0.449773 0.678571 0.528919
2 0.672890 0.437597 0.718345 0.516743
2 0.297077 0.471081 0.341720 0.538050
2 0.278409 0.416289 0.323864 0.477169
2 0.344156 0.501522 0.392856 0.571536
2 0.386363 0.519786 0.421266 0.573057
5 0.613636 0.576101 0.647728 0.630895
2 0.621753 0.521308 0.687500 0.586755
4 0.322240 0.521308 0.351462 0.570013
