0 0.346185 0.707357 0.031656 0.133429
0 0.648945 0.695636 0.043019 0.138839
0 0.607143 0.315182 0.034091 0.146051
0 0.659091 0.331410 0.038961 0.128020
3 0.285714 0.345835 0.051948 0.135233
3 0.407468 0.345835 0.029221 0.182113
3 0.614854 0.684818 0.026786 0.167688
2 0.681412 0.468446 0.039773 0.088352
2 0.541802 0.410747 0.021916 0.045078
2 0.573864 0.439596 0.019481 0.084746
2 0.586039 0.554995 0.032468 0.070321
2 0.619318 0.569419 0.034091 0.073927
2 0.297484 0.545078 0.054383 0.079336
2 0.412744 0.469347 0.031656 0.072124
1 0.337256 0.446809 0.140422 0.102777
1 0.349026 0.593761 0.061688 0.129823
1 0.660714 0.594663 0.058442 0.099171
1 0.620536 0.447710 0.093344 0.137036
