0 0.437500 0.700860 0.468344 0.839332
0 0.462662 0.699338 0.488636 0.843896
0 0.481331 0.682601 0.510552 0.840854
0 0.499188 0.671949 0.530844 0.824116
3 0.241071 0.396527 0.278409 0.493914
3 0.278409 0.395005 0.313312 0.496957
3 0.662338 0.633907 0.714286 0.748032
3 0.633117 0.378267 0.668019 0.510652
3 0.501623 0.367615 0.522727 0.515217
2 0.242695 0.484784 0.282467 0.563910
2 0.276786 0.481740 0.314935 0.574562
2 0.351461 0.521304 0.375812 0.582171
2 0.372565 0.493913 0.390423 0.576083
2 0.399350 0.495434 0.418831 0.556302
2 0.593344 0.478696 0.612013 0.545650
2 0.573864 0.471088 0.594156 0.547171
2 0.626623 0.498478 0.665585 0.574561
2 0.564124 0.573040 0.589286 0.659775
2 0.592533 0.589778 0.623377 0.662818
2 0.310877 0.600430 0.340909 0.664340
2 0.342532 0.601951 0.364448 0.667383
2 0.363636 0.601952 0.383928 0.673470
2 0.459415 0.507608 0.475649 0.573040
2 0.520292 0.512174 0.536526 0.569997
2 0.641235 0.583692 0.684253 0.670427
1 0.435064 0.576083 0.525973 0.706946
2 0.267046 0.583692 0.313312 0.656732
