1 4 0.353220 0.536601 0.732468 0.612594
2 4 0.266153 0.612594 0.436103 0.679280
3 4 0.551635 0.625000 0.646237 0.688586
4 3 0.477961 0.448201 0.498055 0.538151
5 3 0.517310 0.432693 0.546612 0.538152
6 3 0.599355 0.680831 0.619447 0.795595
7 3 0.564193 0.688586 0.590983 0.797146
8 3 0.274525 0.660670 0.317221 0.758374
9 0 0.431916 0.628101 0.455358 0.708747
10 0 0.457033 0.626551 0.468753 0.673077
11 0 0.540033 0.667843 0.554997 0.688004
12 8 0.293794 0.430947 0.331886 0.512852
13 7 0.253662 0.742188 0.274749 0.795111
14 5 0.448203 0.694304 0.463168 0.737147
15 5 0.493098 0.682964 0.500580 0.722026
16 5 0.475412 0.686744 0.482894 0.724546
17 5 0.510103 0.682964 0.516225 0.719506
