7 0.376974 0.768117 0.058129 0.081068
1 0.574295 0.562144 0.042291 0.087761
1 0.468879 0.554435 0.042913 0.077087
8 0.665718 0.482092 0.024877 0.069972
8 0.630890 0.458373 0.034828 0.145873
8 0.597306 0.464896 0.039803 0.137571
8 0.385541 0.699715 0.067790 0.149431
8 0.756519 0.628558 0.070899 0.090133
4 0.682199 0.521229 0.040425 0.065228
4 0.303136 0.504032 0.037316 0.078273
4 0.538223 0.540204 0.024877 0.055740
4 0.509926 0.541983 0.019280 0.066414
4 0.494378 0.540797 0.024255 0.068786
8 0.287898 0.450071 0.047888 0.103178
