10 0.601844 0.792813 0.037779 0.050996
10 0.633785 0.797557 0.027476 0.048624
0 0.659543 0.786290 0.041900 0.125712
0 0.400586 0.796964 0.050143 0.130455
0 0.306825 0.748933 0.035718 0.103178
3 0.596693 0.763164 0.027476 0.053368
3 0.628976 0.762571 0.023354 0.073529
3 0.635845 0.519450 0.032971 0.147059
3 0.287592 0.515299 0.050830 0.100806
2 0.281410 0.587642 0.049456 0.077087
2 0.614208 0.614919 0.037779 0.036765
2 0.645118 0.602467 0.037779 0.056926
2 0.363150 0.607804 0.032971 0.041509
2 0.383070 0.616105 0.038466 0.034393
2 0.554449 0.706831 0.030910 0.090133
1 0.636532 0.682519 0.134630 0.126898
1 0.356281 0.675403 0.145621 0.100806
