13 0.568033 0.738524 0.116459 0.071993
13 0.560309 0.792980 0.127154 0.077531
12 0.461081 0.432093 0.030897 0.049841
12 0.569816 0.441323 0.024955 0.053533
12 0.647059 0.701605 0.034462 0.112604
12 0.436720 0.631458 0.024955 0.060917
4 0.279078 0.504596 0.027852 0.038073
4 0.320856 0.455274 0.035651 0.019037
4 0.471814 0.521037 0.016711 0.022498
4 0.493538 0.521902 0.017825 0.027690
4 0.520276 0.536613 0.037879 0.032881
4 0.558155 0.532286 0.022282 0.020767
4 0.506350 0.574686 0.018939 0.015575
4 0.652295 0.546131 0.014483 0.027690
4 0.708556 0.521902 0.035651 0.013845
5 0.709113 0.572955 0.018939 0.032881
9 0.691845 0.607567 0.015597 0.025959
5 0.488525 0.604106 0.005570 0.043265
5 0.405526 0.582473 0.004456 0.044996
5 0.446190 0.607567 0.016711 0.057110
5 0.513592 0.488156 0.004456 0.032881
5 0.544229 0.482099 0.007799 0.041534
5 0.563168 0.470850 0.010027 0.036343
5 0.484069 0.468254 0.010027 0.041534
5 0.459559 0.465658 0.005570 0.029420
5 0.684603 0.418932 0.012255 0.053649
