1 0.320991 0.471771 0.090824 0.094057
1 0.390855 0.580298 0.062878 0.067528
1 0.593076 0.586931 0.085390 0.095263
2 0.541841 0.597783 0.031051 0.066322
2 0.554650 0.509756 0.031827 0.056675
2 0.533302 0.520608 0.037261 0.063910
2 0.517000 0.521211 0.032604 0.067528
2 0.483232 0.493477 0.038038 0.050646
2 0.425400 0.591754 0.034156 0.063910
4 0.603167 0.630944 0.021736 0.048234
4 0.573281 0.482624 0.022512 0.045823
8 0.438596 0.427757 0.057444 0.126615
3 0.563189 0.436801 0.030275 0.118174
3 0.534467 0.448860 0.020959 0.081998
3 0.540677 0.688826 0.027170 0.122997
3 0.390079 0.670135 0.025617 0.124203
3 0.415696 0.664708 0.017854 0.103704
3 0.598510 0.679179 0.024841 0.122997
3 0.569787 0.684002 0.015526 0.103704
3 0.324096 0.403037 0.058221 0.043411
