7 0.184582 0.508352 0.213278 0.567396
7 0.184582 0.563076 0.224606 0.625000
4 0.271428 0.466590 0.305412 0.570277
4 0.434551 0.516993 0.467023 0.564516
4 0.401321 0.550115 0.422466 0.609159
4 0.610524 0.387545 0.643417 0.450269
4 0.531230 0.412187 0.547089 0.463709
4 0.515371 0.417787 0.537691 0.468189
4 0.330348 0.381945 0.365003 0.428987
9 0.224033 0.520833 0.256339 0.579077
8 0.679835 0.343862 0.719189 0.461470
8 0.664563 0.322580 0.705093 0.439067
8 0.636957 0.288978 0.678073 0.426748
8 0.420803 0.305780 0.456633 0.448028
8 0.387910 0.325941 0.427851 0.446909
5 0.737988 0.322580 0.763200 0.406328
5 0.279573 0.328948 0.308509 0.392615
5 0.326316 0.334253 0.360260 0.389431
