2 0.531455 0.555108 0.555588 0.618280
2 0.553253 0.552419 0.572715 0.604838
2 0.465285 0.559140 0.491753 0.623656
2 0.504209 0.559140 0.527563 0.631721
2 0.729966 0.411290 0.768890 0.506720
2 0.273780 0.474462 0.303362 0.506720
2 0.217729 0.431451 0.282342 0.509409
2 0.223179 0.526882 0.289349 0.575268
2 0.333694 0.577346 0.392610 0.637830
2 0.700462 0.571847 0.729124 0.604838
2 0.721163 0.517779 0.781671 0.592009
4 0.653222 0.595675 0.680292 0.635997
4 0.315117 0.584677 0.341125 0.636913
4 0.275308 0.570015 0.302378 0.604839
4 0.498236 0.547104 0.517875 0.611254
12 0.266985 0.324952 0.747808 0.589422
13 0.516327 0.751898 0.627603 0.970114
13 0.352847 0.734108 0.499841 0.938094
13 0.412606 0.703273 0.584328 0.830171
