3 0.456223 0.462450 0.035683 0.146169
3 0.497192 0.470640 0.027753 0.127268
3 0.594660 0.457409 0.025771 0.108367
3 0.622413 0.468750 0.028414 0.156250
3 0.710497 0.686670 0.053486 0.106736
3 0.667584 0.685484 0.029852 0.113852
7 0.706765 0.750119 0.036072 0.074715
7 0.669449 0.745375 0.042291 0.086575
7 0.644261 0.744782 0.049132 0.094877
2 0.593575 0.555621 0.031096 0.060484
2 0.703344 0.619070 0.035450 0.035579
2 0.672870 0.600095 0.023011 0.066414
2 0.489402 0.546727 0.029230 0.047438
2 0.575228 0.561551 0.020524 0.060484
