4 0.165521 0.509436 0.196079 0.576682
4 0.199898 0.529214 0.222816 0.568771
4 0.255920 0.548992 0.297937 0.626127
4 0.472371 0.600415 0.495289 0.630083
4 0.525846 0.600416 0.564044 0.620194
4 0.793226 0.560858 0.844155 0.574704
4 0.194805 0.622171 0.225363 0.673595
4 0.809778 0.614260 0.833970 0.636016
8 0.272473 0.667662 0.304303 0.776442
5 0.348118 0.680143 0.353361 0.709461
5 0.382720 0.685030 0.390060 0.702947
5 0.425710 0.691545 0.429904 0.725750
5 0.462410 0.693173 0.466604 0.727379
5 0.555731 0.696431 0.569361 0.733893
5 0.738178 0.512376 0.747614 0.572642
5 0.205515 0.707833 0.249554 0.761583
7 0.153572 0.727541 0.197450 0.787180
5 0.490882 0.708371 0.497738 0.744579
5 0.523790 0.712631 0.533388 0.750969
