2 0.286882 0.605958 0.330935 0.677643
2 0.705680 0.659722 0.735048 0.726926
2 0.391435 0.654122 0.416691 0.724687
2 0.408468 0.696685 0.444298 0.743727
2 0.579982 0.683244 0.599952 0.731406
3 0.343857 0.482751 0.377925 0.574597
3 0.408469 0.486111 0.439011 0.576837
3 0.437837 0.450269 0.464269 0.571237
3 0.466031 0.470430 0.486589 0.582437
3 0.488351 0.441308 0.508323 0.553315
3 0.557074 0.498432 0.572346 0.593638
3 0.579394 0.465950 0.604652 0.596998
3 0.626384 0.754928 0.659864 0.843414
3 0.634607 0.478271 0.658689 0.593638
3 0.372052 0.724687 0.409056 0.825493
7 0.580568 0.437948 0.613461 0.493952
6 0.747383 0.621640 0.825503 0.807572
1 0.593492 0.675404 0.672786 0.759408
4 0.680224 0.682300 0.706934 0.722624
4 0.713612 0.559211 0.752008 0.621817
1 0.603433 0.565577 0.688015 0.679117
1 0.321308 0.567700 0.604546 0.667444
