7 0.637828 0.733871 0.050044 0.086022
7 0.594832 0.733199 0.041586 0.071237
2 0.740031 0.594086 0.038767 0.075269
8 0.519413 0.506720 0.045815 0.088710
8 0.475360 0.512097 0.025375 0.094086
8 0.451748 0.518145 0.047225 0.081989
8 0.701264 0.528226 0.042996 0.118280
8 0.677652 0.524194 0.038062 0.094086
8 0.633599 0.673387 0.045815 0.155914
8 0.590955 0.672715 0.039472 0.149194
3 0.331924 0.485887 0.042996 0.133065
3 0.427783 0.473118 0.038767 0.137097
4 0.411219 0.540995 0.033833 0.033602
1 0.607519 0.556452 0.112071 0.163978
1 0.317474 0.620968 0.138150 0.188172
1 0.374919 0.595430 0.144494 0.145161
