4 0.643338 0.631721 0.673883 0.669803
4 0.244309 0.608198 0.278753 0.647402
4 0.282002 0.499553 0.311897 0.548836
4 0.259906 0.502912 0.286552 0.536514
6 0.141627 0.301299 0.255357 0.477150
6 0.113031 0.557795 0.213114 0.726926
6 0.770717 0.535394 0.850003 0.701166
6 0.723275 0.301299 0.805811 0.463709
3 0.637490 0.408826 0.664786 0.514114
3 0.328144 0.420027 0.362588 0.532034
2 0.326844 0.525313 0.366487 0.605959
2 0.244309 0.514113 0.289801 0.575717
2 0.211815 0.556676 0.251458 0.622760
2 0.273553 0.602599 0.319695 0.651882
2 0.632291 0.510752 0.676483 0.584677
2 0.672584 0.588037 0.714827 0.640680
