7 0.190061 0.617572 0.259149 0.750212
3 0.640976 0.639856 0.731036 0.770374
3 0.381285 0.367148 0.421380 0.471138
3 0.289991 0.346987 0.331319 0.474321
3 0.209801 0.603777 0.282589 0.691851
2 0.328851 0.469015 0.386219 0.560271
2 0.273953 0.457343 0.333787 0.546477
2 0.661949 0.460526 0.734120 0.535866
2 0.681072 0.532682 0.742757 0.615449
2 0.624938 0.579372 0.694642 0.651528
2 0.575591 0.615450 0.595329 0.666384
2 0.591629 0.612266 0.631107 0.689728
2 0.618154 0.492359 0.652697 0.551782
1 0.251746 0.553905 0.413977 0.692911
1 0.230156 0.429754 0.291841 0.529498
2 0.594713 0.496604 0.618153 0.552843
