6 0.207618 0.653982 0.084700 0.158770
8 0.683724 0.517893 0.035071 0.078125
8 0.756182 0.630670 0.039703 0.084425
8 0.731699 0.655242 0.043673 0.063004
8 0.700598 0.668473 0.031762 0.049143
8 0.612589 0.680444 0.052937 0.133569
8 0.640381 0.469380 0.044997 0.117187
8 0.609942 0.445439 0.042350 0.129788
8 0.410765 0.463710 0.041027 0.126008
8 0.377679 0.468120 0.043673 0.134829
8 0.483885 0.656502 0.035071 0.133569
8 0.452123 0.665323 0.045659 0.131048
8 0.396869 0.665323 0.039703 0.100806
7 0.607957 0.745968 0.039703 0.088206
7 0.421353 0.758569 0.054261 0.105847
4 0.580496 0.606729 0.025807 0.064264
4 0.424992 0.614919 0.033748 0.078125
