3 0.587676 0.482911 0.614226 0.574117
3 0.299161 0.475231 0.333973 0.552996
3 0.257861 0.484831 0.279101 0.552035
2 0.742848 0.534755 0.794770 0.616359
2 0.587086 0.555876 0.628976 0.634601
2 0.367603 0.536675 0.396513 0.619240
2 0.343412 0.553956 0.377043 0.620200
2 0.395333 0.649961 0.418933 0.705645
2 0.364062 0.641321 0.408313 0.709485
2 0.313912 0.632680 0.375273 0.705645
2 0.261400 0.623080 0.316271 0.710446
2 0.208299 0.614440 0.263761 0.690284
2 0.249601 0.551075 0.287952 0.620199
1 0.568796 0.621160 0.780018 0.741168
1 0.627207 0.539555 0.749929 0.640361
1 0.275560 0.533794 0.349901 0.625000
