7 0.564369 0.777989 0.057222 0.085389
7 0.604700 0.763757 0.031713 0.056926
10 0.478537 0.735887 0.033092 0.069972
10 0.403045 0.731736 0.035160 0.073529
3 0.600563 0.708610 0.026198 0.098435
3 0.564024 0.694972 0.022061 0.118596
3 0.538171 0.689042 0.022751 0.106736
3 0.478881 0.675403 0.028266 0.091319
3 0.449581 0.680740 0.024819 0.090133
3 0.416834 0.666509 0.035160 0.101992
3 0.450271 0.412713 0.022061 0.078273
3 0.526106 0.423980 0.017925 0.079459
3 0.592290 0.416864 0.038607 0.105550
3 0.620901 0.430503 0.035160 0.116224
1 0.512663 0.493359 0.488796 0.137571
1 0.514731 0.604246 0.367459 0.162476
