5 0.665824 0.732922 0.028425 0.059298
5 0.630111 0.742410 0.028425 0.061670
5 0.706274 0.718691 0.039357 0.045066
5 0.425672 0.735887 0.027696 0.069972
5 0.386680 0.723435 0.032798 0.068786
5 0.297033 0.682519 0.043001 0.053368
5 0.591118 0.738852 0.020407 0.068786
5 0.552854 0.756048 0.015306 0.072343
9 0.268608 0.652277 0.029882 0.035579
9 0.722309 0.695565 0.029153 0.039137
2 0.700808 0.648126 0.056120 0.074715
2 0.633755 0.659986 0.041544 0.053368
2 0.594762 0.660579 0.040815 0.064042
2 0.563058 0.659986 0.041544 0.060484
2 0.534998 0.692007 0.033526 0.036765
2 0.428952 0.648719 0.044459 0.059298
2 0.392146 0.638639 0.036442 0.077087
2 0.348416 0.635081 0.074341 0.088947
2 0.284643 0.594758 0.041544 0.062856
9 0.325822 0.695565 0.021865 0.048624
3 0.627560 0.483871 0.032069 0.116224
3 0.600957 0.473790 0.024052 0.107922
3 0.558321 0.491580 0.034984 0.122154
3 0.528438 0.486243 0.029153 0.120968
3 0.486166 0.476755 0.034984 0.111480
3 0.453368 0.465489 0.027696 0.088947
3 0.414011 0.461931 0.026238 0.134013
3 0.351331 0.475569 0.020407 0.087761
3 0.732148 0.703866 0.059036 0.088947
3 0.652340 0.745375 0.034984 0.126898
3 0.607881 0.760199 0.036442 0.132827
3 0.567067 0.763757 0.027696 0.166034
3 0.537184 0.778582 0.026238 0.145873
3 0.445351 0.772059 0.049561 0.151803
3 0.409638 0.736480 0.034984 0.144687
3 0.366637 0.734701 0.042272 0.131641
3 0.324729 0.708017 0.073612 0.116224
3 0.259134 0.675996 0.063409 0.109108
7 0.307966 0.760199 0.019679 0.054554
7 0.284278 0.739445 0.024780 0.050996
6 0.191352 0.684891 0.091104 0.117410
1 0.524065 0.570446 0.309026 0.132827
