10 0.595876 0.794538 0.036043 0.045821
2 0.563678 0.681360 0.033160 0.088893
2 0.528355 0.587427 0.025951 0.064150
2 0.513938 0.593842 0.018262 0.051320
2 0.502884 0.593842 0.023068 0.043988
2 0.481739 0.592467 0.025951 0.052236
2 0.450982 0.706562 0.017301 0.032991
8 0.644415 0.526943 0.057189 0.060484
1 0.429728 0.684737 0.034459 0.094086
1 0.614555 0.583557 0.157416 0.099313
1 0.411716 0.583557 0.130789 0.111260
1 0.624541 0.672790 0.111601 0.100060
1 0.361789 0.655615 0.114734 0.140382
4 0.584012 0.720206 0.022712 0.036589
4 0.691306 0.536141 0.026628 0.043309
3 0.629240 0.754555 0.048165 0.106780
3 0.590081 0.756422 0.036417 0.095579
3 0.424834 0.764636 0.030152 0.094086
3 0.305793 0.720953 0.070093 0.084379
3 0.365313 0.495818 0.050514 0.095579
3 0.463405 0.523073 0.021929 0.064964
5 0.528939 0.728012 0.018833 0.057334
5 0.507628 0.729587 0.017841 0.056704
5 0.489456 0.723916 0.019824 0.064264
5 0.468311 0.721396 0.015198 0.063004
