3 0.496574 0.501232 0.030543 0.151210
3 0.669556 0.429547 0.037005 0.106407
3 0.661333 0.749328 0.052276 0.123208
3 0.702743 0.726927 0.076359 0.109767
6 0.811994 0.632280 0.098679 0.166891
4 0.340372 0.646601 0.033229 0.057604
4 0.749310 0.592238 0.013594 0.026642
2 0.729864 0.602319 0.050976 0.062644
2 0.678322 0.634721 0.064192 0.068404
2 0.637730 0.656682 0.032851 0.056164
2 0.674168 0.520953 0.053619 0.065524
2 0.634520 0.539315 0.043801 0.057604
2 0.417024 0.535714 0.029453 0.061924
2 0.389648 0.529234 0.036627 0.064804
2 0.354721 0.518433 0.044556 0.069124
2 0.378320 0.627160 0.016992 0.051843
2 0.349434 0.615279 0.055129 0.059764
2 0.303367 0.605919 0.064947 0.085685
2 0.496697 0.589718 0.027187 0.046083
