7 0.740970 0.730550 0.786372 0.796964
4 0.698680 0.587049 0.750300 0.703273
3 0.617208 0.735294 0.648926 0.805266
3 0.358487 0.724621 0.405753 0.821869
3 0.237833 0.681926 0.313086 0.760200
3 0.587355 0.415085 0.623427 0.536053
3 0.542576 0.458966 0.571186 0.578748
3 0.507127 0.476755 0.536979 0.578747
3 0.471056 0.480313 0.499665 0.582305
3 0.438715 0.457780 0.471055 0.576376
2 0.436850 0.575190 0.461727 0.630930
2 0.477275 0.570446 0.507127 0.640418
2 0.502774 0.572818 0.541955 0.640418
2 0.550040 0.551471 0.578026 0.628557
2 0.583002 0.537240 0.610989 0.614326
2 0.706143 0.498103 0.757141 0.577561
2 0.571185 0.661764 0.606013 0.742410
1 0.592953 0.608397 0.692461 0.749526
1 0.300026 0.498102 0.448666 0.622628
1 0.273905 0.583492 0.462971 0.768501
