4 0.788152 0.456149 0.031190 0.069556
4 0.771764 0.568044 0.044934 0.057460
4 0.743746 0.596774 0.022731 0.030242
4 0.382423 0.535786 0.029604 0.053427
2 0.750354 0.498992 0.057093 0.072581
2 0.705420 0.529234 0.053921 0.082661
2 0.722865 0.596270 0.056035 0.061492
2 0.666565 0.542843 0.028018 0.049395
2 0.639076 0.534778 0.037533 0.063508
2 0.565067 0.555948 0.030132 0.067540
2 0.552644 0.555948 0.026432 0.045363
2 0.522512 0.568044 0.020088 0.043347
2 0.510618 0.566028 0.023789 0.047379
2 0.482336 0.555444 0.020088 0.040323
2 0.470706 0.568044 0.023260 0.067540
2 0.416785 0.648690 0.020088 0.047379
2 0.391410 0.638609 0.027489 0.043347
2 0.328238 0.627016 0.045991 0.078629
2 0.277225 0.572581 0.051806 0.096774
2 0.299956 0.522681 0.041234 0.077621
2 0.355992 0.550907 0.033833 0.059476
2 0.385595 0.570565 0.023260 0.044355
4 0.231021 0.674563 0.029956 0.063844
