7 0.399869 0.464718 0.435287 0.531250
4 0.423129 0.584677 0.450618 0.646169
4 0.447974 0.585685 0.468591 0.631049
4 0.374495 0.659274 0.408855 0.713709
4 0.615553 0.656250 0.639869 0.688508
4 0.490794 0.562500 0.525155 0.617944
8 0.405155 0.484879 0.434759 0.609879
8 0.461719 0.504032 0.490793 0.605847
8 0.548944 0.520161 0.576962 0.611895
8 0.601807 0.492944 0.647270 0.593750
8 0.705420 0.586693 0.744010 0.667339
8 0.684275 0.610887 0.729209 0.678427
8 0.663130 0.634073 0.709120 0.713709
8 0.634584 0.652218 0.692205 0.739920
5 0.520926 0.729839 0.541014 0.794355
5 0.499780 0.726815 0.521983 0.790323
5 0.475463 0.727823 0.498723 0.788307
5 0.452732 0.722782 0.476520 0.774194
8 0.408855 0.694556 0.452203 0.745968
4 0.579076 0.623992 0.597050 0.661290
