1 0.517715 0.529234 0.561599 0.630040
4 0.668383 0.460349 0.718118 0.548555
4 0.288056 0.408267 0.322188 0.490592
4 0.400204 0.599798 0.419220 0.627520
4 0.426534 0.530914 0.467980 0.593918
4 0.450914 0.551916 0.487484 0.598118
4 0.576226 0.597279 0.604507 0.640122
4 0.584516 0.483031 0.630838 0.547715
8 0.622061 0.442709 0.665945 0.543515
8 0.401667 0.411627 0.459691 0.527554
8 0.288544 0.617439 0.352419 0.704805
8 0.265139 0.601479 0.330965 0.681283
5 0.294395 0.647682 0.365583 0.693885
8 0.559161 0.630880 0.600607 0.783770
