8 0.666281 0.571236 0.712160 0.650761
8 0.600403 0.602598 0.644517 0.688844
8 0.473941 0.368504 0.511585 0.462590
8 0.448649 0.372984 0.482764 0.456989
8 0.547465 0.379705 0.580404 0.461469
5 0.242192 0.561156 0.307482 0.627240
7 0.209254 0.537634 0.243956 0.626120
4 0.619813 0.441308 0.656281 0.515234
4 0.429826 0.434588 0.456883 0.500672
4 0.382183 0.455869 0.408652 0.487231
4 0.299835 0.432348 0.352772 0.524194
4 0.236310 0.452509 0.283954 0.555556
8 0.355713 0.402106 0.390416 0.476031
5 0.557464 0.613799 0.577463 0.692205
5 0.438649 0.613799 0.469235 0.676523
5 0.403357 0.609319 0.430414 0.668683
5 0.371006 0.600359 0.403946 0.642921
5 0.471588 0.618279 0.495116 0.670922
5 0.499821 0.620520 0.522761 0.672042
5 0.528054 0.627241 0.549817 0.669803
5 0.603344 0.404346 0.631576 0.452508
5 0.573345 0.399866 0.595696 0.448028
5 0.537465 0.403226 0.560993 0.462590
5 0.506879 0.396506 0.530407 0.450269
5 0.686866 0.379704 0.712747 0.441308
5 0.727452 0.389784 0.759214 0.435708
5 0.653339 0.601479 0.679809 0.641801
