4 0.300979 0.430815 0.348948 0.515705
4 0.337878 0.452037 0.364938 0.493421
4 0.614007 0.446732 0.638606 0.501910
4 0.679810 0.430814 0.715479 0.497665
4 0.616467 0.585739 0.666281 0.649405
9 0.629382 0.620756 0.663206 0.676994
3 0.308974 0.353353 0.344028 0.445670
3 0.377853 0.352291 0.409832 0.457342
3 0.437506 0.366087 0.470716 0.466893
3 0.583258 0.374576 0.607242 0.453099
3 0.653981 0.644100 0.685345 0.712012
2 0.251780 0.499788 0.273919 0.552844
2 0.618312 0.487055 0.642911 0.526316
2 0.484860 0.493421 0.513764 0.536927
2 0.510690 0.485993 0.538979 0.546477
1 0.459645 0.421264 0.500235 0.537987
1 0.433201 0.446732 0.463950 0.528438
1 0.370473 0.447792 0.415367 0.526315
1 0.588178 0.438242 0.619542 0.541172
