3 0.658235 0.510753 0.028194 0.117127
3 0.608392 0.478111 0.030208 0.097926
3 0.570884 0.492512 0.025677 0.097926
3 0.477995 0.505952 0.026180 0.107527
3 0.417832 0.491551 0.029704 0.107527
3 0.394421 0.502592 0.018125 0.095046
3 0.443508 0.755568 0.024670 0.119048
3 0.407259 0.755088 0.037760 0.125768
2 0.766480 0.571237 0.032222 0.057604
2 0.767990 0.605799 0.023159 0.051843
2 0.708582 0.690764 0.039270 0.077765
2 0.622741 0.688364 0.030711 0.059524
2 0.341557 0.665803 0.059409 0.106567
2 0.297756 0.623080 0.056388 0.080645
2 0.312860 0.563556 0.054374 0.084485
2 0.358171 0.597158 0.054374 0.059524
2 0.498637 0.597638 0.030208 0.064324
2 0.508958 0.586118 0.029704 0.048963
2 0.524818 0.599558 0.023159 0.064324
2 0.535139 0.591878 0.032725 0.064324
2 0.548732 0.612519 0.024670 0.057604
2 0.556787 0.599558 0.029704 0.073925
1 0.474975 0.600038 0.038263 0.097926
1 0.408769 0.573637 0.069981 0.095046
1 0.690457 0.593318 0.115797 0.090246
1 0.599834 0.558756 0.024166 0.111367
1 0.574660 0.588998 0.028194 0.089286
2 0.624252 0.596678 0.026684 0.081605
2 0.444263 0.669163 0.038263 0.057604
2 0.415314 0.676843 0.039774 0.065284
8 0.443807 0.519355 0.037216 0.159677
