4 0.419041 0.549395 0.034068 0.072805
4 0.459276 0.625000 0.015859 0.042563
4 0.478660 0.573477 0.018209 0.042563
4 0.541509 0.575157 0.025257 0.043683
4 0.550907 0.632841 0.027607 0.058244
4 0.599659 0.572917 0.029956 0.061604
5 0.553550 0.664763 0.034068 0.088486
5 0.584093 0.645161 0.039941 0.047043
5 0.623447 0.616599 0.034068 0.045923
5 0.525062 0.658042 0.018209 0.070565
5 0.503329 0.656362 0.018209 0.071685
5 0.481009 0.653562 0.021733 0.077285
5 0.457220 0.664763 0.025844 0.070565
5 0.444886 0.476591 0.027019 0.068324
5 0.413755 0.490591 0.025844 0.053763
9 0.319481 0.445228 0.044053 0.126568
9 0.280127 0.593078 0.053451 0.079525
9 0.261038 0.561716 0.029369 0.079525
