8 0.646967 0.682300 0.704123 0.734295
9 0.752675 0.661078 0.783404 0.699278
9 0.206309 0.645161 0.243799 0.687607
4 0.209997 0.541172 0.255476 0.604838
4 0.249330 0.567699 0.286820 0.633489
4 0.278830 0.579372 0.303414 0.637734
4 0.219215 0.601656 0.260392 0.666384
4 0.412195 0.589983 0.450299 0.666384
4 0.444153 0.598472 0.481028 0.658956
4 0.477341 0.595289 0.498851 0.657895
4 0.498852 0.600594 0.519132 0.653650
4 0.509914 0.602716 0.543102 0.656833
4 0.536956 0.602716 0.561539 0.652590
4 0.583664 0.593167 0.602716 0.664261
4 0.428175 0.699279 0.458904 0.751274
4 0.471195 0.707768 0.489019 0.748090
4 0.615623 0.666384 0.642665 0.721562
4 0.594112 0.708829 0.622998 0.747029
4 0.563383 0.708829 0.601487 0.765068
4 0.536955 0.712012 0.562769 0.755518
4 0.552936 0.696095 0.567071 0.716257
4 0.506226 0.698218 0.528966 0.757641
4 0.484715 0.693973 0.512987 0.752335
4 0.618696 0.583617 0.646966 0.647284
4 0.672779 0.567700 0.718873 0.656834
4 0.727477 0.565577 0.760050 0.633489
4 0.761280 0.533744 0.793238 0.615450
4 0.740998 0.626061 0.776644 0.663200
4 0.685071 0.637733 0.734853 0.695034
8 0.301569 0.684423 0.363029 0.778863
8 0.297267 0.495543 0.341517 0.628183
8 0.250559 0.673812 0.299111 0.737478
8 0.237652 0.653651 0.288664 0.709889
