7 0.549343 0.745968 0.580062 0.823253
4 0.666336 0.534274 0.700976 0.586917
4 0.646728 0.540995 0.672872 0.600359
3 0.366993 0.667563 0.388561 0.765009
3 0.458495 0.366264 0.480063 0.525314
3 0.294444 0.310259 0.325816 0.416666
2 0.255229 0.413306 0.298366 0.490592
2 0.512089 0.497312 0.536925 0.565636
2 0.453265 0.516353 0.487252 0.602599
2 0.443462 0.516353 0.466338 0.581317
2 0.610128 0.537635 0.659146 0.603719
2 0.663068 0.497312 0.709473 0.563396
9 0.658493 0.614920 0.685289 0.657482
1 0.532350 0.377464 0.697708 0.588037
1 0.277451 0.414427 0.448037 0.590278
1 0.248040 0.500672 0.416012 0.677643
