4 0.596100 0.448349 0.623488 0.515553
4 0.620135 0.456989 0.638580 0.495391
4 0.647522 0.431068 0.670998 0.475231
4 0.631312 0.448348 0.654230 0.493472
4 0.625724 0.544354 0.643610 0.587558
4 0.665409 0.521313 0.685531 0.550115
6 0.717949 0.407066 0.828061 0.555876
4 0.304889 0.409946 0.341779 0.463709
4 0.289239 0.408986 0.316068 0.465630
4 0.531821 0.506912 0.551943 0.555876
4 0.564799 0.494432 0.580449 0.528034
2 0.306566 0.448348 0.341780 0.499231
2 0.250113 0.461790 0.297623 0.540515
2 0.293710 0.514593 0.347369 0.576037
2 0.353517 0.560676 0.392085 0.623080
2 0.379229 0.589478 0.418913 0.652842
2 0.551384 0.489631 0.568152 0.522273
2 0.634667 0.520353 0.675469 0.563557
2 0.677705 0.476190 0.712919 0.537634
3 0.456363 0.340822 0.483751 0.470430
3 0.385936 0.650922 0.411647 0.740208
3 0.480397 0.370584 0.504432 0.493472
1 0.445184 0.454110 0.513375 0.600039
4 0.259249 0.373577 0.294463 0.432875
