4 0.709957 0.587049 0.032305 0.054554
4 0.729546 0.582898 0.026119 0.050996
4 0.750509 0.541983 0.022682 0.045066
4 0.535029 0.480313 0.037116 0.083017
4 0.470076 0.524787 0.028181 0.081831
4 0.425399 0.490987 0.026806 0.052182
7 0.398593 0.760199 0.039178 0.078273
7 0.567334 0.384250 0.034367 0.061670
5 0.260782 0.635081 0.068734 0.069972
5 0.703771 0.675403 0.025431 0.046252
5 0.729202 0.624407 0.033680 0.055740
5 0.629882 0.696157 0.035742 0.085389
5 0.594484 0.687263 0.021307 0.081831
5 0.575238 0.466082 0.017183 0.059298
5 0.550494 0.447699 0.015809 0.041509
5 0.422650 0.438212 0.019933 0.043880
5 0.396531 0.446513 0.018558 0.055740
5 0.366288 0.448292 0.022682 0.052182
9 0.749822 0.616698 0.022682 0.045066
9 0.710988 0.646347 0.028868 0.033207
9 0.250128 0.584677 0.039178 0.042694
8 0.415776 0.677775 0.070796 0.157732
8 0.579019 0.693786 0.046739 0.180266
8 0.495851 0.431096 0.046739 0.131641
