13 0.333333 0.524621 0.071301 0.092330
13 0.431373 0.416903 0.053476 0.209280
13 0.590018 0.410748 0.074866 0.215436
13 0.733512 0.816998 0.122995 0.116951
13 0.277184 0.815459 0.176471 0.113873
12 0.510695 0.627723 0.458111 0.095407
3 0.534759 0.600024 0.021390 0.156960
3 0.565954 0.621567 0.023173 0.138494
3 0.632799 0.824692 0.017825 0.095407
3 0.660428 0.789299 0.026738 0.116951
13 0.689458 0.527513 0.082760 0.068148
3 0.649138 0.568445 0.022777 0.088910
3 0.663993 0.562461 0.014854 0.080361
10 0.567934 0.565025 0.034660 0.064973
