7 0.548926 0.511873 0.042411 0.061977
7 0.770287 0.677643 0.039382 0.047043
4 0.731338 0.610812 0.050634 0.073178
4 0.707969 0.567130 0.037651 0.082885
4 0.292512 0.593638 0.037651 0.044803
8 0.713595 0.668309 0.047172 0.094086
8 0.698448 0.682124 0.057558 0.082885
8 0.640673 0.585051 0.028563 0.053017
8 0.611678 0.556676 0.041546 0.112754
8 0.303764 0.678390 0.065348 0.082885
8 0.284289 0.658602 0.054096 0.059737
8 0.263949 0.643668 0.047172 0.065711
8 0.244691 0.629480 0.051067 0.061231
13 0.509112 0.613426 0.385163 0.102300
13 0.519282 0.664203 0.326740 0.103793
