5 0.360749 0.607863 0.397225 0.696573
5 0.405155 0.605846 0.432644 0.659274
5 0.603394 0.620968 0.624538 0.665322
5 0.705948 0.573588 0.741895 0.618951
5 0.484979 0.415322 0.504539 0.454637
5 0.461718 0.408267 0.480749 0.455645
5 0.407269 0.380041 0.427357 0.425404
5 0.438459 0.396169 0.454847 0.431451
5 0.552116 0.414315 0.564802 0.448589
5 0.600221 0.404234 0.614494 0.443549
5 0.510881 0.430444 0.533084 0.466734
3 0.552375 0.648522 0.580569 0.748208
3 0.655753 0.324820 0.693932 0.432347
3 0.557661 0.352822 0.580569 0.454749
3 0.392610 0.343862 0.427852 0.405466
3 0.441362 0.636201 0.467206 0.728047
1 0.591729 0.448028 0.752669 0.654122
1 0.431963 0.543235 0.586442 0.673163
1 0.337983 0.496192 0.453109 0.639561
1 0.372639 0.375224 0.698631 0.564516
