1 0.334459 0.617160 0.709791 0.742608
6 0.728000 0.333782 0.796135 0.501792
2 0.484240 0.523073 0.531230 0.617159
2 0.569408 0.543234 0.597015 0.622760
2 0.598777 0.528674 0.631083 0.614920
2 0.322712 0.538755 0.373814 0.622759
3 0.405531 0.686603 0.446061 0.788531
3 0.435488 0.711245 0.468968 0.803091
3 0.646355 0.706765 0.682185 0.795251
3 0.584093 0.728046 0.612287 0.805331
5 0.645180 0.519713 0.670438 0.575717
5 0.675724 0.487231 0.714491 0.547715
5 0.612875 0.510753 0.639894 0.557795
5 0.582330 0.499552 0.604063 0.552195
5 0.359716 0.465950 0.384386 0.530914
