6 0.267236 0.461820 0.076652 0.154990
4 0.588052 0.592238 0.025771 0.057964
4 0.570871 0.599168 0.020485 0.071825
5 0.329350 0.563256 0.023789 0.070565
5 0.488272 0.560736 0.023128 0.047883
5 0.462170 0.556956 0.011894 0.040323
5 0.522963 0.574597 0.027753 0.047883
5 0.561620 0.565146 0.021806 0.039062
5 0.583757 0.575227 0.025110 0.046623
5 0.643889 0.716356 0.025110 0.069304
5 0.611180 0.719506 0.020485 0.075605
5 0.578801 0.728957 0.019163 0.071825
5 0.552038 0.730847 0.019824 0.073085
5 0.529241 0.734627 0.024449 0.055444
5 0.502479 0.728327 0.022467 0.068044
5 0.473073 0.732107 0.024449 0.065524
5 0.441025 0.713206 0.029075 0.057964
5 0.704021 0.548135 0.022467 0.068044
5 0.743669 0.555696 0.022467 0.057964
5 0.372302 0.557586 0.023789 0.059224
8 0.505122 0.543725 0.043612 0.122228
8 0.469439 0.527974 0.038326 0.128528
