4 0.647649 0.534677 0.670063 0.569354
4 0.664989 0.523388 0.682751 0.558065
2 0.264916 0.495967 0.297903 0.540322
4 0.364723 0.546775 0.383754 0.591129
2 0.300864 0.516129 0.327084 0.570161
2 0.318626 0.527419 0.360494 0.582259
2 0.344846 0.547581 0.371912 0.605646
2 0.374026 0.550806 0.413357 0.621774
2 0.269991 0.550807 0.317357 0.601613
2 0.317357 0.588709 0.365569 0.658065
2 0.355842 0.630645 0.392212 0.670967
2 0.461992 0.586291 0.484406 0.634678
2 0.473834 0.592742 0.495825 0.632258
2 0.500900 0.591935 0.521200 0.634677
2 0.514433 0.590322 0.541076 0.631451
2 0.543191 0.592742 0.562222 0.629032
2 0.552495 0.583871 0.584213 0.636290
2 0.618892 0.560484 0.658223 0.625000
2 0.651878 0.535484 0.693746 0.600000
2 0.752954 0.466130 0.803280 0.543548
2 0.704742 0.527419 0.759720 0.600807
2 0.660760 0.579839 0.722504 0.663710
2 0.637076 0.629032 0.681481 0.692742
3 0.620161 0.421774 0.641305 0.554839
3 0.558838 0.448387 0.579138 0.591129
