3 0.510114 0.537832 0.031153 0.141129
3 0.479653 0.533681 0.033923 0.113852
4 0.315387 0.657762 0.036988 0.048243
4 0.603308 0.579997 0.021857 0.033842
4 0.637774 0.692324 0.015972 0.029522
2 0.640927 0.586838 0.055062 0.074885
2 0.698091 0.576757 0.029843 0.040323
2 0.727093 0.627880 0.041612 0.064804
2 0.677285 0.672523 0.037829 0.064804
2 0.534795 0.616719 0.022697 0.038162
2 0.610664 0.592958 0.020596 0.035282
2 0.503691 0.630760 0.030263 0.056164
2 0.409119 0.671083 0.033626 0.047523
2 0.375072 0.660642 0.035307 0.052563
2 0.388313 0.656682 0.024799 0.038882
2 0.347962 0.647681 0.060106 0.068404
2 0.372761 0.569916 0.027321 0.051123
2 0.316227 0.556596 0.024379 0.037442
2 0.298574 0.551195 0.023538 0.045363
