7 0.620274 0.761089 0.092249 0.110887
7 0.410670 0.809476 0.051379 0.062500
7 0.472559 0.776210 0.044373 0.088710
7 0.584075 0.746976 0.045541 0.066532
9 0.751058 0.715726 0.031528 0.036290
9 0.288060 0.724798 0.023354 0.054435
7 0.640126 0.469758 0.045541 0.068548
1 0.730623 0.597782 0.179828 0.143145
3 0.400744 0.554435 0.047876 0.185484
5 0.376222 0.754032 0.057218 0.084677
5 0.413589 0.723790 0.026857 0.112903
5 0.442198 0.686492 0.030361 0.082661
5 0.582908 0.655242 0.038535 0.076613
5 0.606846 0.700605 0.042038 0.074597
5 0.660561 0.514113 0.037367 0.092742
5 0.363961 0.574597 0.028025 0.072581
