6 0.805552 0.556452 0.058150 0.197581
4 0.355154 0.556452 0.028546 0.060484
4 0.327698 0.541835 0.028414 0.045363
4 0.258976 0.397555 0.017841 0.034022
2 0.241134 0.391255 0.019163 0.054183
2 0.320760 0.444808 0.051542 0.068044
2 0.360738 0.457409 0.027093 0.075605
2 0.375276 0.466860 0.016520 0.031502
2 0.295319 0.533014 0.044273 0.095766
2 0.365033 0.560736 0.013216 0.045363
1 0.386839 0.565776 0.054185 0.085685
3 0.396091 0.388735 0.023789 0.086946
3 0.364042 0.353453 0.029736 0.132308
3 0.324064 0.364163 0.037005 0.108367
3 0.267236 0.619330 0.064758 0.107107
3 0.379240 0.670993 0.036344 0.137349
8 0.395430 0.393145 0.035683 0.131048
