6 0.249692 0.444220 0.093170 0.173387
7 0.323452 0.461022 0.038821 0.045699
3 0.317452 0.504032 0.031057 0.086022
3 0.676721 0.512097 0.021175 0.112903
3 0.714483 0.516801 0.041644 0.098118
3 0.370742 0.783602 0.028939 0.099462
3 0.224635 0.679435 0.067054 0.095430
3 0.637547 0.780242 0.026116 0.106183
3 0.605079 0.793011 0.027527 0.126344
4 0.343215 0.561828 0.016234 0.037634
5 0.458972 0.764113 0.037409 0.090054
5 0.339686 0.532258 0.021881 0.056452
5 0.437797 0.526882 0.023292 0.053763
5 0.469206 0.531586 0.019763 0.071237
5 0.517556 0.537634 0.028939 0.048387
5 0.565552 0.536962 0.020469 0.049731
5 0.604373 0.532930 0.026116 0.055108
5 0.649194 0.533602 0.038115 0.056452
5 0.735658 0.546371 0.017646 0.055108
1 0.308629 0.579301 0.059996 0.107527
1 0.314982 0.659946 0.170106 0.172043
1 0.662251 0.700941 0.177164 0.106183
2 0.710248 0.599462 0.043056 0.069892
2 0.672133 0.598118 0.034586 0.053763
