4 0.468188 0.694972 0.025194 0.080645
4 0.272359 0.682519 0.074820 0.100806
4 0.725858 0.655242 0.025958 0.055740
4 0.664399 0.716912 0.028248 0.046252
4 0.573547 0.679554 0.017560 0.047438
4 0.522776 0.618477 0.019850 0.039137
4 0.505216 0.617291 0.019850 0.041509
5 0.580036 0.732922 0.021377 0.073529
5 0.493001 0.731143 0.019850 0.062856
5 0.556369 0.733515 0.024431 0.079459
8 0.385352 0.766722 0.032066 0.134013
8 0.764413 0.598909 0.064895 0.085389
8 0.637296 0.582898 0.041227 0.117410
8 0.596451 0.574597 0.049625 0.126898
8 0.559804 0.555621 0.028248 0.069972
8 0.448338 0.552657 0.046571 0.106736
8 0.407874 0.574597 0.048098 0.100806
8 0.363211 0.547320 0.062604 0.105550
8 0.317403 0.560365 0.045808 0.098435
8 0.292591 0.574597 0.041991 0.117410
8 0.626607 0.743596 0.050389 0.144687
9 0.257090 0.729957 0.035119 0.046252
