6 0.735415 0.321236 0.792245 0.474462
5 0.687929 0.404570 0.717511 0.462366
5 0.360190 0.454300 0.391329 0.525537
5 0.409235 0.470429 0.438817 0.544354
5 0.271444 0.423387 0.307254 0.486559
2 0.595290 0.537634 0.617866 0.596774
3 0.549360 0.393817 0.582056 0.520161
3 0.522892 0.395161 0.545468 0.521505
3 0.471513 0.399194 0.497981 0.528226
3 0.432590 0.412634 0.457501 0.537634
3 0.381989 0.388440 0.413905 0.525537
1 0.624873 0.456989 0.767334 0.584677
1 0.424805 0.518817 0.587506 0.608871
1 0.221622 0.470430 0.431032 0.611560
