4 0.626145 0.662522 0.030490 0.048163
4 0.269669 0.448589 0.029842 0.068324
5 0.597926 0.492272 0.022057 0.075045
5 0.659879 0.472670 0.021408 0.049283
5 0.680963 0.709565 0.022057 0.070565
5 0.643337 0.708445 0.016867 0.039203
5 0.615441 0.711246 0.029842 0.049283
5 0.581707 0.747648 0.040221 0.108647
9 0.781192 0.606519 0.024003 0.045923
3 0.543432 0.502352 0.020759 0.097446
3 0.610252 0.472110 0.022057 0.117608
3 0.636525 0.454189 0.024003 0.115367
3 0.684207 0.441868 0.048006 0.104167
3 0.583005 0.497872 0.031139 0.088486
3 0.501589 0.497312 0.031788 0.112007
3 0.466882 0.481631 0.028544 0.114247
3 0.433473 0.458669 0.046060 0.126568
3 0.298537 0.436268 0.047357 0.090726
3 0.356923 0.721886 0.030490 0.095206
3 0.666042 0.738687 0.036329 0.095206
1 0.319945 0.605959 0.226407 0.210573
1 0.710480 0.617720 0.155046 0.204973
1 0.675773 0.530354 0.094714 0.148970
1 0.595331 0.569556 0.071360 0.115367
1 0.363734 0.525874 0.188131 0.155690
2 0.256694 0.490031 0.044114 0.063844
2 0.474667 0.586918 0.016867 0.035842
2 0.485371 0.585797 0.016218 0.033602
2 0.501265 0.575157 0.018164 0.072805
2 0.543108 0.573477 0.025300 0.064964
2 0.622253 0.637881 0.035680 0.043683
