7 0.769839 0.635641 0.045411 0.079525
5 0.633606 0.610439 0.022057 0.051523
5 0.393252 0.595878 0.018813 0.049283
3 0.268371 0.558356 0.057088 0.092966
3 0.373141 0.606519 0.031788 0.110887
3 0.407848 0.609879 0.031139 0.106407
3 0.437690 0.618280 0.048006 0.120968
3 0.500941 0.631720 0.022706 0.109767
3 0.556731 0.646281 0.021408 0.123208
3 0.585275 0.646841 0.021408 0.146729
3 0.614793 0.641241 0.028544 0.119848
3 0.724428 0.330421 0.042816 0.085125
3 0.605062 0.350582 0.035031 0.096326
3 0.573274 0.363463 0.025949 0.084005
3 0.543757 0.363463 0.026598 0.097446
3 0.486344 0.369624 0.031139 0.103047
3 0.456503 0.360663 0.029842 0.100806
3 0.425364 0.336582 0.036329 0.142249
3 0.326432 0.306900 0.043465 0.116487
4 0.763676 0.452509 0.034383 0.040323
1 0.400063 0.428987 0.223163 0.129928
1 0.635876 0.429547 0.244571 0.142249
1 0.507104 0.532594 0.512496 0.133289
