4 0.287403 0.587366 0.021019 0.032258
9 0.730356 0.677419 0.027247 0.048387
5 0.664575 0.496640 0.032696 0.055108
3 0.374203 0.465054 0.024911 0.131720
3 0.691043 0.478495 0.037367 0.118280
3 0.642777 0.487231 0.018683 0.125000
3 0.620201 0.496640 0.024911 0.100806
3 0.410402 0.692204 0.036588 0.126344
2 0.257043 0.513441 0.066170 0.040323
2 0.316596 0.584005 0.057607 0.060484
2 0.416241 0.613575 0.024911 0.057796
2 0.624094 0.578629 0.035810 0.047043
2 0.647837 0.575941 0.030361 0.057796
2 0.686372 0.548387 0.035810 0.045699
3 0.426875 0.486751 0.028915 0.178571
5 0.705736 0.683564 0.037256 0.044163
