8 0.356506 0.475379 0.028520 0.098485
8 0.755793 0.512311 0.024955 0.073864
8 0.585561 0.700047 0.037433 0.123106
4 0.428493 0.533763 0.006856 0.042614
4 0.443576 0.521926 0.015083 0.047348
4 0.595777 0.520742 0.012341 0.030777
4 0.611545 0.545600 0.016454 0.028409
4 0.380502 0.629644 0.015083 0.063920
7 0.386672 0.739729 0.035651 0.089962
7 0.555327 0.714871 0.032908 0.049716
7 0.649938 0.674625 0.024681 0.087595
5 0.411353 0.646216 0.005485 0.054451
5 0.458659 0.643848 0.006856 0.087595
5 0.623886 0.641481 0.016454 0.049716
5 0.518305 0.642665 0.021939 0.075758
5 0.553956 0.648583 0.019196 0.082860
