4 0.196094 0.448589 0.247911 0.524193
4 0.215799 0.410786 0.263237 0.487651
4 0.742730 0.462450 0.788709 0.533015
8 0.706968 0.420866 0.742000 0.529234
8 0.687263 0.427167 0.714265 0.522933
8 0.741270 0.514112 0.789438 0.592237
8 0.712806 0.534274 0.771192 0.614920
8 0.697480 0.563256 0.723024 0.609880
8 0.682154 0.574596 0.724484 0.653981
8 0.662449 0.606098 0.718645 0.682963
8 0.611362 0.627521 0.665368 0.713206
2 0.525972 0.509072 0.553705 0.565776
2 0.553706 0.512853 0.568302 0.556956
2 0.560274 0.490171 0.569762 0.519153
2 0.569032 0.495212 0.593846 0.563256
13 0.370521 0.462449 0.556625 0.642641
