7 0.368732 0.428480 0.405956 0.496388
8 0.369434 0.469711 0.403147 0.592187
8 0.335018 0.466072 0.368731 0.563084
2 0.420705 0.575210 0.431943 0.609164
2 0.394719 0.569147 0.413681 0.603101
2 0.276724 0.561871 0.309734 0.615227
2 0.306925 0.572785 0.348363 0.663733
2 0.365220 0.607952 0.385588 0.664946
2 0.379969 0.627354 0.410170 0.677072
2 0.252142 0.480624 0.288664 0.537618
2 0.555555 0.571573 0.578031 0.617653
3 0.600506 0.446669 0.631408 0.553382
3 0.734654 0.604314 0.799972 0.687986
3 0.688298 0.647969 0.755022 0.738917
3 0.353982 0.646757 0.382778 0.735279
5 0.716392 0.451520 0.738868 0.509728
2 0.725523 0.490325 0.765557 0.555808
2 0.710071 0.573998 0.764153 0.630992
1 0.589970 0.508514 0.734654 0.615228
1 0.608934 0.578848 0.718500 0.696474
