6 0.791772 0.349463 0.856002 0.495968
3 0.685897 0.654570 0.713425 0.799732
3 0.672486 0.383064 0.692249 0.475806
3 0.405681 0.375000 0.432503 0.498656
3 0.333686 0.380377 0.371802 0.495968
4 0.167816 0.541666 0.218636 0.618279
4 0.733893 0.579301 0.771303 0.643817
1 0.406387 0.466398 0.447325 0.577956
1 0.673898 0.458333 0.706366 0.547043
1 0.677427 0.603494 0.719071 0.680107
1 0.337921 0.451613 0.373919 0.560484
2 0.213695 0.543011 0.281455 0.610215
2 0.512968 0.497312 0.551082 0.553764
2 0.541202 0.474463 0.577904 0.548388
2 0.570846 0.491936 0.594844 0.571237
2 0.754363 0.504032 0.797419 0.571236
4 0.489675 0.516128 0.518614 0.590054
