3 0.226146 0.636971 0.068819 0.107107
3 0.737323 0.428427 0.060216 0.168851
3 0.591083 0.418977 0.039041 0.139869
3 0.551380 0.422757 0.041688 0.142389
3 0.286693 0.696825 0.091979 0.093246
4 0.274451 0.473160 0.023822 0.059224
2 0.362460 0.516633 0.044997 0.065524
2 0.406133 0.522933 0.046320 0.068044
2 0.472967 0.535534 0.025145 0.068044
2 0.723096 0.543095 0.046320 0.100806
2 0.674791 0.503402 0.031762 0.059224
2 0.646006 0.510963 0.031101 0.064264
2 0.613251 0.600428 0.033086 0.056704
2 0.314816 0.606729 0.051614 0.112147
2 0.266511 0.585307 0.056908 0.094506
1 0.584135 0.509703 0.035733 0.134829
1 0.546417 0.536794 0.043673 0.105847
1 0.502413 0.541835 0.054923 0.113407
3 0.509030 0.378654 0.036395 0.127268
