3 0.486376 0.693486 0.502928 0.790212
3 0.527120 0.708874 0.537306 0.788014
2 0.487650 0.647321 0.504202 0.684693
2 0.523301 0.653916 0.541126 0.695684
1 0.641711 0.638528 0.679909 0.704478
3 0.662083 0.693486 0.678635 0.790212
2 0.688821 0.614346 0.715559 0.636329
4 0.696461 0.640726 0.705373 0.660511
2 0.328361 0.608179 0.349939 0.642195
2 0.281452 0.579022 0.311474 0.634096
2 0.723332 0.569303 0.766488 0.603319
12 0.360258 0.397603 0.653907 0.502891
3 0.347124 0.420281 0.356506 0.533667
3 0.370580 0.420281 0.388404 0.536907
