4 0.616672 0.618280 0.036774 0.071685
4 0.376201 0.539875 0.049032 0.064964
4 0.675438 0.625000 0.024516 0.056004
4 0.321762 0.657482 0.025237 0.038082
9 0.783956 0.678203 0.023795 0.045923
4 0.458401 0.530354 0.018747 0.025762
3 0.448307 0.473790 0.018747 0.103047
3 0.527983 0.456429 0.026679 0.128808
2 0.292920 0.594758 0.052637 0.051523
2 0.457320 0.553315 0.022353 0.051523
2 0.473183 0.557796 0.022353 0.051523
2 0.558628 0.559476 0.023074 0.034722
2 0.500943 0.557236 0.020189 0.039203
2 0.529064 0.546595 0.041821 0.064964
2 0.711130 0.588598 0.046868 0.059364
5 0.747183 0.692204 0.065616 0.085125
5 0.635780 0.492832 0.043263 0.098566
5 0.587109 0.478831 0.038216 0.081765
5 0.324646 0.689404 0.031005 0.057124
5 0.639025 0.673723 0.029563 0.075045
5 0.595762 0.667003 0.038216 0.059364
5 0.561872 0.668123 0.026679 0.063844
5 0.547812 0.474350 0.025958 0.048163
5 0.504549 0.475470 0.031726 0.061604
5 0.468496 0.483311 0.025958 0.054884
5 0.426314 0.485551 0.036774 0.066084
5 0.524738 0.653562 0.028842 0.070565
5 0.491570 0.656362 0.021632 0.067204
5 0.360338 0.682124 0.018747 0.071685
5 0.679404 0.520273 0.035332 0.066084
5 0.742496 0.511873 0.034610 0.062724
5 0.261194 0.506272 0.029563 0.064964
5 0.399636 0.660842 0.020911 0.056004
