2 0.305934 0.588235 0.035450 0.071157
2 0.330189 0.495731 0.052864 0.073529
2 0.353511 0.585270 0.042291 0.079459
2 0.392693 0.597723 0.047266 0.075901
2 0.485982 0.489801 0.054729 0.116224
2 0.524541 0.503439 0.023633 0.074715
2 0.555015 0.497509 0.044779 0.055740
2 0.589221 0.497509 0.037316 0.055740
2 0.662608 0.503439 0.031096 0.060484
2 0.697436 0.504625 0.053486 0.079459
2 0.754964 0.553250 0.036694 0.050996
2 0.683754 0.598316 0.036072 0.050996
2 0.647060 0.592979 0.036072 0.056926
3 0.328634 0.402040 0.057217 0.132827
3 0.386784 0.691414 0.056595 0.137571
3 0.276082 0.657614 0.086448 0.115038
3 0.691528 0.692007 0.041669 0.126898
3 0.591398 0.410935 0.039181 0.141129
4 0.431587 0.510081 0.030661 0.056452
4 0.454582 0.524194 0.019560 0.060484
