13 0.676325 0.344758 0.117939 0.209677
13 0.570063 0.267137 0.096920 0.219758
13 0.439863 0.243952 0.095752 0.286290
13 0.320172 0.346774 0.143629 0.165323
13 0.290979 0.788306 0.173989 0.116935
13 0.691505 0.810484 0.164647 0.185484
4 0.436991 0.661765 0.037779 0.054554
4 0.450385 0.573411 0.027476 0.043880
4 0.326745 0.620256 0.042587 0.030835
2 0.313007 0.518857 0.042587 0.065228
2 0.361776 0.536646 0.049456 0.055740
2 0.391313 0.553250 0.039840 0.055740
4 0.625199 0.528937 0.026789 0.028463
2 0.624168 0.560958 0.030223 0.056926
2 0.650270 0.538425 0.041213 0.083017
2 0.686675 0.521822 0.054951 0.059298
2 0.607339 0.657021 0.036405 0.045066
2 0.574025 0.670066 0.039840 0.052182
2 0.329149 0.601874 0.041900 0.043880
10 0.396464 0.754269 0.033658 0.042694
3 0.397495 0.698529 0.021980 0.101992
3 0.529721 0.500474 0.029536 0.123340
3 0.639623 0.463710 0.025415 0.109108
