9 0.213573 0.554435 0.246659 0.598538
7 0.749565 0.625000 0.778019 0.675403
9 0.779343 0.351562 0.806473 0.441028
7 0.729713 0.633821 0.753535 0.695565
4 0.805811 0.424647 0.828309 0.485131
8 0.740962 0.549395 0.793238 0.648941
8 0.716479 0.546875 0.752873 0.671623
4 0.650307 0.550656 0.668835 0.598538
8 0.629132 0.332661 0.684716 0.461189
5 0.738316 0.367944 0.774049 0.461190
5 0.611927 0.584677 0.636411 0.674143
5 0.647660 0.575858 0.678100 0.660282
5 0.698612 0.558215 0.723757 0.640121
5 0.390252 0.585937 0.430617 0.674143
5 0.356505 0.588457 0.378341 0.672882
5 0.437896 0.597278 0.480246 0.670364
