4 0.296522 0.634488 0.015112 0.033207
4 0.309229 0.653463 0.013051 0.026091
4 0.245005 0.638046 0.013738 0.030835
2 0.277632 0.623221 0.077619 0.065228
2 0.325028 0.671252 0.036405 0.037951
2 0.334644 0.629744 0.069376 0.056926
3 0.360746 0.754269 0.039153 0.130455
3 0.400929 0.763164 0.026102 0.122154
3 0.578490 0.773838 0.018546 0.086575
3 0.546550 0.760792 0.020607 0.096063
3 0.468931 0.765536 0.013738 0.091319
3 0.411576 0.490987 0.024041 0.135199
3 0.443860 0.500474 0.025415 0.101992
3 0.643058 0.747747 0.019920 0.098435
3 0.669503 0.735294 0.027476 0.083017
3 0.703504 0.712761 0.050143 0.064042
7 0.718616 0.744782 0.040527 0.030835
1 0.387878 0.681333 0.090669 0.093691
1 0.487477 0.681333 0.144247 0.119782
1 0.646836 0.673624 0.199198 0.130455
1 0.636532 0.570446 0.212936 0.123340
1 0.434243 0.574004 0.197137 0.116224
