13 0.523938 0.205645 0.648884 0.467743
13 0.355787 0.272178 0.479565 0.479839
13 0.233177 0.340726 0.348781 0.530242
13 0.647715 0.356855 0.739965 0.516129
13 0.608014 0.731855 0.744636 0.856855
13 0.212159 0.743951 0.345278 0.893145
2 0.250798 0.587558 0.294170 0.649482
4 0.291668 0.639401 0.313354 0.671083
2 0.320026 0.558756 0.360896 0.625000
2 0.235785 0.524193 0.286664 0.565956
2 0.624466 0.561636 0.650322 0.627880
2 0.647821 0.561636 0.682018 0.614919
2 0.676179 0.529953 0.722887 0.604839
2 0.665336 0.612039 0.712044 0.682604
2 0.726223 0.502592 0.765425 0.567396
12 0.423453 0.669643 0.598610 0.737327
3 0.609452 0.478111 0.639479 0.576037
3 0.639657 0.485551 0.671769 0.572917
3 0.677608 0.681283 0.755942 0.782930
