7 0.436564 0.691898 0.469243 0.750549
7 0.406288 0.745968 0.434162 0.801870
7 0.551904 0.430718 0.585544 0.486620
7 0.585545 0.365652 0.623030 0.428885
4 0.421186 0.588343 0.459632 0.666239
4 0.399560 0.531525 0.418783 0.588343
4 0.331318 0.534274 0.349100 0.589260
4 0.355347 0.547105 0.367361 0.592925
4 0.370245 0.542523 0.382259 0.575514
8 0.427434 0.443549 0.457710 0.537940
8 0.435123 0.625000 0.481259 0.712977
8 0.547578 0.460044 0.588908 0.547104
8 0.634082 0.458211 0.658112 0.543438
8 0.613418 0.438967 0.642253 0.566350
