4 0.291581 0.635081 0.322124 0.696685
4 0.641656 0.674284 0.668088 0.723567
4 0.560011 0.630600 0.575283 0.669803
4 0.545914 0.632841 0.567059 0.670923
4 0.482478 0.627239 0.504211 0.667563
4 0.695106 0.685484 0.712728 0.714606
2 0.523594 0.627240 0.542390 0.677643
2 0.510084 0.639561 0.528880 0.672043
2 0.364416 0.673163 0.409056 0.741487
2 0.318013 0.645161 0.372051 0.709005
2 0.358542 0.600359 0.393197 0.651882
2 0.388498 0.610440 0.424328 0.659722
4 0.632846 0.603718 0.652228 0.629480
4 0.646942 0.596998 0.663388 0.630600
2 0.660451 0.645161 0.708616 0.740367
2 0.710967 0.613800 0.749146 0.664203
2 0.624035 0.617160 0.652229 0.649642
6 0.728587 0.370744 0.778514 0.526434
6 0.245178 0.381944 0.313314 0.519713
6 0.188790 0.593638 0.279834 0.720206
6 0.746208 0.584678 0.837838 0.715726
3 0.669262 0.702285 0.749732 0.834453
3 0.488351 0.491711 0.515958 0.626120
3 0.337983 0.734767 0.393784 0.854615
