4 0.391656 0.587642 0.033658 0.053368
4 0.438021 0.575190 0.046709 0.056926
4 0.586733 0.578155 0.017172 0.058112
4 0.593258 0.560958 0.024728 0.037951
4 0.613178 0.556807 0.026102 0.039137
4 0.621421 0.531902 0.028849 0.041509
4 0.307512 0.438805 0.027476 0.042694
4 0.461032 0.589421 0.026789 0.054554
7 0.425657 0.699715 0.048082 0.083017
7 0.279006 0.614919 0.048769 0.093691
8 0.387191 0.450664 0.039840 0.078273
8 0.422909 0.435247 0.046709 0.139943
8 0.446951 0.438212 0.037092 0.098435
8 0.524226 0.477941 0.044648 0.125712
8 0.586389 0.447106 0.024728 0.064042
8 0.567156 0.445920 0.024728 0.064042
8 0.709343 0.592979 0.060446 0.078273
8 0.669846 0.625000 0.030910 0.104364
8 0.641684 0.629151 0.052891 0.136385
8 0.306138 0.570446 0.086548 0.097249
