13 0.381334 0.359571 0.080214 0.165101
13 0.475554 0.304942 0.054749 0.235512
13 0.583779 0.325579 0.064935 0.223372
13 0.663356 0.364427 0.071301 0.184524
13 0.683091 0.822096 0.126050 0.128682
13 0.329768 0.788348 0.132417 0.050499
9 0.344410 0.684917 0.011459 0.067983
3 0.359972 0.682841 0.012874 0.077425
3 0.331749 0.675288 0.015845 0.096309
2 0.671420 0.546876 0.039612 0.035880
4 0.727372 0.517606 0.018816 0.049099
2 0.364924 0.592198 0.034660 0.069871
4 0.328778 0.554430 0.017825 0.028326
7 0.323331 0.707391 0.022777 0.058541
7 0.359477 0.743270 0.017825 0.009442
