4 0.379998 0.630227 0.404276 0.655615
4 0.650580 0.518219 0.681907 0.571237
4 0.722632 0.503286 0.751218 0.537635
2 0.727331 0.565263 0.766881 0.625747
2 0.707752 0.521953 0.747302 0.567503
2 0.660762 0.523447 0.703444 0.579451
2 0.620820 0.515232 0.657237 0.568250
2 0.380794 0.518548 0.418856 0.578225
2 0.335542 0.500807 0.386292 0.570967
2 0.295366 0.484678 0.343154 0.556452
2 0.261533 0.547580 0.306361 0.609677
2 0.298749 0.581451 0.356265 0.637903
2 0.351190 0.598387 0.393058 0.644355
3 0.302465 0.397999 0.339274 0.481631
4 0.242552 0.572730 0.263306 0.606332
1 0.412891 0.471923 0.455573 0.587665
3 0.416807 0.412186 0.437951 0.466696
10 0.418765 0.389785 0.446176 0.424133
