4 0.741593 0.541725 0.767993 0.596073
4 0.708591 0.583801 0.731438 0.620617
4 0.227799 0.578541 0.257753 0.628506
1 0.648684 0.514551 0.684731 0.621493
1 0.292277 0.533836 0.445095 0.615358
1 0.240999 0.537343 0.421233 0.703016
3 0.205460 0.604839 0.276538 0.684608
3 0.274000 0.653050 0.327816 0.752104
3 0.351171 0.707398 0.377571 0.795056
3 0.633452 0.681977 0.662392 0.815217
3 0.720777 0.605716 0.796932 0.676719
3 0.650206 0.445301 0.672546 0.516304
3 0.611113 0.446178 0.646145 0.553120
3 0.391787 0.403226 0.414633 0.556627
3 0.326294 0.445302 0.351679 0.559257
2 0.429864 0.549615 0.453218 0.581172
2 0.541558 0.540849 0.574052 0.586431
2 0.614668 0.546107 0.651730 0.625876
2 0.556282 0.646915 0.594360 0.694249
2 0.413617 0.650421 0.446619 0.701263
2 0.624821 0.626753 0.671531 0.691620
2 0.664422 0.610975 0.711638 0.689867
2 0.703007 0.552244 0.764947 0.594320
