4 0.691667 0.592518 0.038275 0.096326
4 0.662150 0.605959 0.025949 0.040323
4 0.566138 0.544915 0.019462 0.036962
4 0.399739 0.595318 0.020111 0.036962
4 0.381574 0.586918 0.029193 0.047043
5 0.738376 0.622760 0.042167 0.080645
5 0.776326 0.586918 0.020759 0.053763
5 0.275832 0.631720 0.046060 0.060484
5 0.235286 0.578517 0.041519 0.050403
5 0.429256 0.450269 0.028544 0.062724
5 0.467207 0.462030 0.031788 0.059364
5 0.510996 0.477151 0.035031 0.056004
5 0.560948 0.480511 0.028544 0.049283
5 0.595331 0.466510 0.029842 0.057124
5 0.626794 0.468190 0.025300 0.049283
5 0.645283 0.647961 0.025949 0.054884
5 0.612846 0.662522 0.022057 0.039203
5 0.397793 0.660842 0.040870 0.058244
5 0.362113 0.637321 0.022706 0.064964
