2 0.243537 0.509292 0.292785 0.569776
2 0.335939 0.529454 0.387725 0.595196
2 0.522266 0.593444 0.538004 0.639903
2 0.529373 0.591691 0.547651 0.624123
2 0.541050 0.585554 0.563898 0.623247
2 0.554759 0.594320 0.570497 0.623246
2 0.632437 0.540849 0.669499 0.610975
2 0.674068 0.553997 0.711638 0.626753
2 0.623806 0.653927 0.678638 0.710028
2 0.587759 0.660940 0.622791 0.702138
2 0.565420 0.666200 0.584713 0.710905
2 0.428341 0.689867 0.453219 0.731066
2 0.277554 0.618864 0.342032 0.688114
2 0.380109 0.641656 0.429864 0.682855
2 0.327309 0.626753 0.394325 0.691620
2 0.403464 0.553997 0.444080 0.603085
6 0.187691 0.606592 0.275523 0.768759
