4 0.776385 0.660842 0.074989 0.078405
4 0.712212 0.632280 0.060568 0.075045
4 0.299409 0.621080 0.025237 0.045923
4 0.327170 0.612119 0.044705 0.061604
4 0.271649 0.623320 0.040379 0.045923
4 0.209999 0.622760 0.054079 0.058244
4 0.632535 0.696685 0.036774 0.038082
7 0.836954 0.763889 0.030284 0.042563
7 0.818206 0.783490 0.027400 0.045923
8 0.716538 0.697245 0.072105 0.066084
6 0.801262 0.489471 0.078595 0.132168
6 0.851014 0.639561 0.088689 0.170251
6 0.128881 0.622200 0.099505 0.146729
6 0.199183 0.435708 0.091574 0.134409
