2 0.702589 0.560735 0.746379 0.640120
4 0.607065 0.689516 0.628083 0.715322
3 0.735513 0.607258 0.791563 0.671774
3 0.601926 0.697581 0.634155 0.794355
3 0.566895 0.697580 0.617807 0.829032
3 0.397811 0.434677 0.425835 0.509677
3 0.423967 0.418549 0.450124 0.554839
3 0.569699 0.422580 0.610801 0.580645
3 0.644431 0.424194 0.693475 0.525000
3 0.706554 0.403226 0.730842 0.475807
13 0.624524 0.284498 0.715995 0.436828
13 0.538891 0.173611 0.611549 0.405467
13 0.422768 0.165770 0.499968 0.377464
13 0.270317 0.255376 0.388386 0.440188
13 0.661501 0.691084 0.788652 0.808692
13 0.589492 0.716846 0.811357 0.851255
13 0.253451 0.676523 0.389035 0.763889
13 0.212581 0.709006 0.435095 0.814292
12 0.300808 0.459230 0.769190 0.626121
12 0.261883 0.499552 0.664745 0.747088
