7 0.732097 0.708525 0.037760 0.051843
7 0.304657 0.669643 0.042291 0.054724
7 0.280868 0.648041 0.041536 0.046083
7 0.716993 0.357143 0.016614 0.063364
7 0.698113 0.390265 0.033229 0.046083
4 0.680574 0.517137 0.017974 0.030242
4 0.669209 0.522177 0.017445 0.032258
4 0.617402 0.528730 0.020617 0.067540
4 0.604451 0.532258 0.019031 0.048387
4 0.583834 0.533266 0.010573 0.026210
4 0.575111 0.549395 0.021674 0.070565
4 0.545243 0.547883 0.024317 0.059476
4 0.499252 0.541835 0.016916 0.071573
4 0.484450 0.535282 0.021145 0.052419
4 0.461983 0.523690 0.023789 0.065524
4 0.450089 0.520665 0.017974 0.071573
4 0.424714 0.514113 0.022203 0.056452
4 0.732116 0.591230 0.018502 0.039315
4 0.747447 0.568548 0.012159 0.030242
9 0.722601 0.641633 0.029075 0.053427
4 0.710178 0.610887 0.065551 0.064516
8 0.723658 0.420867 0.028018 0.091734
8 0.708328 0.450605 0.032247 0.108871
8 0.407269 0.414819 0.037005 0.128024
8 0.326652 0.630040 0.061850 0.114919
8 0.299692 0.615423 0.045991 0.107863
