8 0.360071 0.531830 0.032086 0.091337
8 0.659537 0.515223 0.014260 0.052588
8 0.676471 0.504152 0.012478 0.085802
8 0.723708 0.639774 0.046346 0.058124
8 0.687166 0.646693 0.065954 0.088570
8 0.526895 0.692192 0.017825 0.073265
4 0.418371 0.577410 0.023068 0.058612
4 0.359652 0.655559 0.058719 0.068381
4 0.512740 0.577410 0.006291 0.032562
4 0.524798 0.579852 0.007340 0.037447
4 0.601342 0.565199 0.019922 0.043959
7 0.424138 0.486235 0.049282 0.052100
7 0.295166 0.733709 0.017825 0.029306
7 0.326098 0.749176 0.025165 0.050472
