4 0.554512 0.674143 0.017516 0.032762
4 0.638684 0.765289 0.028220 0.023522
4 0.304160 0.678629 0.034097 0.050806
7 0.250679 0.772984 0.044840 0.083065
9 0.281273 0.731048 0.035031 0.065323
8 0.306028 0.562097 0.057451 0.122581
2 0.338958 0.639919 0.037367 0.094355
2 0.366749 0.650403 0.049978 0.073387
2 0.397343 0.650000 0.056050 0.095161
2 0.560356 0.661694 0.022420 0.041129
2 0.522522 0.677823 0.021486 0.045968
2 0.506174 0.677016 0.025223 0.033065
2 0.469275 0.667339 0.038301 0.076613
3 0.466706 0.588306 0.023821 0.100806
3 0.526726 0.575000 0.019618 0.103226
3 0.404817 0.569355 0.028959 0.072581
3 0.616640 0.561290 0.020085 0.085484
3 0.735513 0.728226 0.077536 0.093548
1 0.661947 0.612097 0.112568 0.120968
1 0.668253 0.708065 0.139191 0.162903
