13 0.691827 0.367054 0.111963 0.238378
8 0.702817 0.725806 0.033658 0.080645
7 0.198297 0.674810 0.024728 0.049810
3 0.252904 0.665323 0.072123 0.116224
3 0.349756 0.703273 0.044648 0.097249
3 0.745061 0.693193 0.068689 0.107922
3 0.576429 0.476162 0.032284 0.105550
3 0.492972 0.499881 0.032971 0.093691
3 0.446607 0.495731 0.029536 0.109108
3 0.356625 0.470825 0.032284 0.094877
3 0.627259 0.486243 0.036405 0.116224
3 0.683928 0.478534 0.060446 0.105550
10 0.496063 0.453036 0.041900 0.059298
10 0.531782 0.447106 0.041900 0.056926
10 0.448324 0.434061 0.038466 0.073529
13 0.719989 0.790441 0.142186 0.112666
13 0.296522 0.772059 0.182713 0.130455
13 0.597380 0.303012 0.085174 0.233634
13 0.417414 0.278700 0.098912 0.241935
13 0.321250 0.355787 0.138752 0.218216
12 0.505336 0.540204 0.560502 0.141129
12 0.491942 0.612547 0.620262 0.136385
