13 0.522025 0.271058 0.608306 0.471551
13 0.629064 0.395386 0.731564 0.502912
13 0.380601 0.277778 0.457800 0.455869
13 0.265776 0.381945 0.374764 0.529794
13 0.231393 0.738127 0.371519 0.826613
13 0.237233 0.779570 0.383846 0.854615
13 0.633606 0.767248 0.774380 0.837813
13 0.618036 0.805331 0.776975 0.888217
2 0.270318 0.611559 0.315080 0.682123
2 0.305997 0.552196 0.357247 0.621640
2 0.348165 0.567876 0.376709 0.608200
2 0.644634 0.544355 0.680314 0.601479
2 0.610901 0.588037 0.643337 0.631720
2 0.322864 0.639562 0.363734 0.720207
4 0.360491 0.575717 0.392279 0.618279
3 0.359193 0.698925 0.398117 0.822133
2 0.367627 0.646281 0.403307 0.701165
2 0.394874 0.660842 0.432500 0.701166
3 0.300158 0.700045 0.357896 0.795251
3 0.599223 0.705645 0.636201 0.852375
3 0.676423 0.693325 0.739997 0.799731
3 0.637499 0.483870 0.688099 0.560036
12 0.431851 0.659722 0.577815 0.729166
12 0.576518 0.636201 0.724428 0.731407
