3 0.450669 0.431876 0.499169 0.576188
1 0.319514 0.525255 0.380992 0.602717
1 0.609149 0.509338 0.762163 0.588922
1 0.590023 0.574067 0.732108 0.690789
5 0.600268 0.427632 0.637156 0.518888
5 0.559966 0.628183 0.586606 0.722623
5 0.534008 0.640917 0.551768 0.714134
5 0.498486 0.617572 0.523761 0.704584
5 0.479360 0.627123 0.494388 0.696095
5 0.441106 0.630305 0.474578 0.697156
5 0.409684 0.636672 0.431542 0.690789
5 0.365282 0.645161 0.400120 0.702462
5 0.486191 0.459465 0.519663 0.535867
5 0.442472 0.458404 0.470479 0.542233
5 0.413099 0.475382 0.430177 0.534805
5 0.532642 0.469016 0.574994 0.545416
5 0.572944 0.475382 0.591388 0.545416
5 0.685657 0.452038 0.734157 0.513583
