6 0.210723 0.654570 0.104316 0.137097
6 0.798083 0.610215 0.081740 0.166667
7 0.740865 0.746640 0.035810 0.073925
7 0.401839 0.471102 0.045930 0.071237
2 0.278451 0.619624 0.060721 0.094086
2 0.329052 0.690188 0.070063 0.087366
2 0.310758 0.575269 0.072398 0.059140
2 0.397168 0.593414 0.031917 0.060484
2 0.364472 0.588038 0.041259 0.076613
2 0.429864 0.606183 0.036588 0.075269
2 0.387437 0.676747 0.046709 0.047043
2 0.696881 0.654570 0.052158 0.056452
2 0.732308 0.608504 0.040339 0.064150
2 0.674188 0.572764 0.026008 0.051320
2 0.624560 0.712518 0.015923 0.032075
3 0.302378 0.766587 0.085986 0.121884
3 0.718243 0.729014 0.067409 0.116386
3 0.545474 0.539315 0.030785 0.125550
3 0.462408 0.537023 0.026008 0.133798
3 0.428438 0.508156 0.031316 0.145711
3 0.394468 0.517779 0.023885 0.100806
2 0.657903 0.667843 0.044276 0.058804
