4 0.297539 0.580897 0.067143 0.068044
4 0.727768 0.628780 0.059115 0.080645
7 0.450071 0.449849 0.035031 0.070565
7 0.762799 0.675403 0.032842 0.045363
7 0.775571 0.631300 0.027733 0.045363
7 0.549692 0.447959 0.040140 0.071825
3 0.607347 0.490801 0.034302 0.127268
3 0.416864 0.473790 0.034302 0.133569
3 0.451896 0.509703 0.022624 0.099546
3 0.480359 0.501512 0.025544 0.085685
3 0.516485 0.497732 0.021895 0.100806
3 0.544948 0.507182 0.024814 0.079385
3 0.580709 0.478201 0.017516 0.119708
1 0.502618 0.559476 0.329879 0.123488
9 0.757326 0.648311 0.040870 0.041583
