1 0 0.277828 0.497311 0.317734 0.580645
2 0 0.615941 0.587365 0.652219 0.642473
3 0 0.579662 0.475806 0.593448 0.520161
4 0 0.550640 0.475807 0.565877 0.522849
5 0 0.534678 0.482527 0.550640 0.526882
6 0 0.461395 0.477151 0.475181 0.528226
7 0 0.446884 0.485216 0.463572 0.533602
8 0 0.488241 0.485215 0.507831 0.545699
9 0 0.503478 0.455645 0.531049 0.548387
10 0 0.588369 0.567205 0.613765 0.641130
11 4 0.594899 0.467742 0.732031 0.533602
12 4 0.325715 0.483871 0.403351 0.551075
13 3 0.274200 0.413978 0.318460 0.500000
14 3 0.470102 0.350807 0.487516 0.490591
15 3 0.502753 0.354839 0.525971 0.474463
16 3 0.541933 0.349463 0.554993 0.489247
17 3 0.621020 0.627688 0.632629 0.736559
18 3 0.593448 0.657258 0.606508 0.743280
19 5 0.695753 0.641128 0.758877 0.681452
20 5 0.289436 0.661291 0.331519 0.713709
21 7 0.618843 0.717742 0.641335 0.752688
