2 0.305847 0.617800 0.379246 0.688365
2 0.253300 0.492512 0.289166 0.555876
2 0.350053 0.555876 0.373407 0.616360
2 0.335039 0.567396 0.350887 0.613480
2 0.367568 0.577476 0.397595 0.620680
4 0.332538 0.537154 0.355058 0.581797
2 0.457151 0.605959 0.486345 0.675403
2 0.441582 0.602599 0.466234 0.666443
12 0.424066 0.657482 0.577166 0.738128
3 0.266425 0.666442 0.339083 0.743727
13 0.675774 0.716846 0.845741 0.804212
13 0.672530 0.773969 0.806817 0.850135
13 0.195065 0.773969 0.327406 0.860215
13 0.177549 0.720206 0.303403 0.807572
13 0.387737 0.227374 0.483749 0.467069
13 0.283941 0.264338 0.354652 0.501792
13 0.615441 0.310260 0.714697 0.501792
13 0.529809 0.227374 0.612846 0.458110
