4 0.384667 0.607863 0.022201 0.048387
4 0.347567 0.605847 0.033301 0.054435
3 0.470841 0.423891 0.027459 0.087702
3 0.508233 0.433972 0.025122 0.099798
3 0.534815 0.436996 0.021033 0.077621
3 0.569577 0.418347 0.027459 0.100806
3 0.574251 0.693548 0.027459 0.102823
2 0.422350 0.660786 0.037975 0.053427
2 0.383790 0.638609 0.025122 0.055444
2 0.574835 0.635081 0.050829 0.048387
1 0.513199 0.524194 0.177608 0.143145
4 0.517580 0.648690 0.020448 0.029234
7 0.575712 0.781250 0.025706 0.040323
7 0.570162 0.362399 0.030965 0.063508
1 0.536860 0.647681 0.037975 0.091734
