8 0.623769 0.660282 0.683613 0.767390
8 0.611361 0.675404 0.644933 0.792590
5 0.371980 0.732106 0.396794 0.806452
5 0.331110 0.735887 0.361034 0.795111
5 0.407012 0.732106 0.429636 0.814012
5 0.574141 0.497732 0.604793 0.580897
5 0.540569 0.507813 0.566843 0.575857
5 0.488022 0.495211 0.528162 0.578376
5 0.455910 0.502772 0.489482 0.569556
5 0.421607 0.481351 0.451531 0.553176
5 0.604793 0.505292 0.635445 0.572076
5 0.574140 0.698084 0.600414 0.773689
5 0.542028 0.713206 0.566842 0.803932
5 0.512835 0.696825 0.532541 0.797631
5 0.490941 0.710685 0.504807 0.800151
5 0.469777 0.719507 0.488752 0.801411
5 0.445692 0.733367 0.461748 0.796371
1 0.345706 0.645162 0.399713 0.749749
1 0.229665 0.482612 0.448611 0.660282
