13 0.367202 0.416903 0.625668 0.524621
0 0.263815 0.638495 0.285205 0.736980
0 0.304812 0.690814 0.322637 0.792378
0 0.402853 0.755445 0.426026 0.863163
0 0.445632 0.687737 0.463457 0.860085
0 0.543672 0.715436 0.557932 0.823154
0 0.620543 0.740057 0.647058 0.789299
0 0.668449 0.715436 0.700535 0.786222
1 0.279857 0.592329 0.443851 0.743135
1 0.554368 0.650805 0.691622 0.700047
2 0.534760 0.626036 0.543673 0.668354
3 0.531417 0.677971 0.538101 0.803001
5 0.294118 0.672201 0.305258 0.704901
5 0.435606 0.708747 0.444518 0.776071
5 0.607174 0.743371 0.621657 0.779919
5 0.645053 0.714518 0.655080 0.764530
5 0.483512 0.660659 0.490196 0.706824
5 0.467915 0.668354 0.475714 0.714519
5 0.521390 0.662583 0.524732 0.720289
5 0.503565 0.658736 0.505793 0.708748
