7 0.293862 0.325941 0.038767 0.073925
7 0.705493 0.649866 0.020441 0.038978
8 0.603995 0.401882 0.035947 0.137097
8 0.672365 0.403898 0.035947 0.079301
8 0.700207 0.387769 0.035242 0.100806
8 0.812983 0.407258 0.043701 0.102151
8 0.784436 0.426075 0.048635 0.169355
8 0.703731 0.605511 0.047930 0.076613
5 0.323113 0.405242 0.033833 0.084677
5 0.387254 0.390457 0.019736 0.057796
5 0.423202 0.387769 0.026784 0.068548
5 0.670956 0.608871 0.013392 0.088710
5 0.644172 0.593414 0.019031 0.087366
5 0.603995 0.607527 0.020441 0.096774
5 0.569458 0.625000 0.019031 0.077957
5 0.442585 0.629032 0.033128 0.080645
5 0.401351 0.612903 0.033833 0.064516
5 0.365404 0.602151 0.018326 0.064516
9 0.211042 0.530914 0.036652 0.032258
4 0.288575 0.435484 0.039472 0.059140
