10 0.554464 0.459466 0.586182 0.506155
8 0.602877 0.699278 0.649620 0.787351
4 0.552238 0.559211 0.577836 0.595289
4 0.528311 0.545416 0.564481 0.613328
9 0.261211 0.665323 0.307953 0.710951
5 0.550013 0.683361 0.574497 0.764007
5 0.477117 0.691850 0.484907 0.769312
5 0.492698 0.687606 0.508279 0.762946
5 0.509948 0.686545 0.527198 0.744907
5 0.529980 0.681239 0.543335 0.739601
1 0.581731 0.547538 0.623465 0.635611
1 0.560028 0.568761 0.585070 0.635611
3 0.590078 0.413838 0.613449 0.540111
3 0.562811 0.480688 0.581731 0.558150
3 0.460423 0.423387 0.491028 0.567699
2 0.446511 0.551783 0.483237 0.629245
1 0.288477 0.579372 0.482681 0.761884
