2 0.426109 0.533154 0.439741 0.570116
2 0.439092 0.528674 0.467006 0.570116
2 0.494270 0.537634 0.519587 0.598118
2 0.518937 0.537635 0.535166 0.574597
2 0.525428 0.528673 0.549447 0.567877
2 0.540359 0.525314 0.563728 0.566756
2 0.571519 0.516352 0.595538 0.561155
4 0.722771 0.540995 0.755229 0.612680
10 0.606573 0.700045 0.629942 0.749328
3 0.605274 0.645161 0.630591 0.717966
3 0.576063 0.670923 0.605275 0.775089
3 0.424162 0.676524 0.447530 0.788531
3 0.581257 0.402106 0.611117 0.507393
3 0.442337 0.414427 0.461813 0.528674
1 0.581256 0.458110 0.724070 0.572357
1 0.565676 0.557795 0.737702 0.674283
1 0.418319 0.601478 0.461163 0.691084
1 0.231364 0.532034 0.425460 0.681004
