7 0.459609 0.805892 0.030522 0.054884
7 0.395643 0.846774 0.031171 0.064964
7 0.628777 0.847334 0.075330 0.104167
9 0.278102 0.722446 0.032470 0.038082
4 0.726186 0.664763 0.041561 0.070565
4 0.367070 0.736447 0.053251 0.052643
4 0.618062 0.746528 0.037016 0.052643
4 0.276804 0.702845 0.046757 0.054884
8 0.458310 0.755488 0.038314 0.104167
8 0.424541 0.765569 0.029223 0.108647
1 0.349211 0.678763 0.162999 0.143369
1 0.333301 0.578517 0.146764 0.153450
1 0.538835 0.596438 0.288981 0.155690
1 0.653778 0.665883 0.195468 0.184812
