12 0.589127 0.495384 0.030303 0.058475
12 0.648841 0.507694 0.032086 0.064631
0 0.573975 0.764678 0.021390 0.104640
0 0.661319 0.756984 0.028520 0.052320
0 0.719251 0.743134 0.026738 0.061553
0 0.403743 0.796993 0.026738 0.083097
0 0.442068 0.758523 0.014260 0.178504
0 0.286988 0.738518 0.017825 0.076941
0 0.243316 0.684659 0.023173 0.073864
1 0.339572 0.656960 0.187166 0.153883
1 0.652406 0.670810 0.142602 0.058475
2 0.562054 0.630845 0.016711 0.055782
3 0.557598 0.718365 0.012255 0.123106
5 0.270165 0.673162 0.007799 0.028853
5 0.486854 0.652965 0.006684 0.061553
5 0.506907 0.652965 0.008913 0.061553
5 0.542558 0.668353 0.006684 0.069247
7 0.480726 0.734715 0.012255 0.036547
7 0.493538 0.720289 0.011141 0.046165
