6 0.682063 0.789315 0.127568 0.147177
6 0.185415 0.745968 0.115183 0.141129
3 0.596605 0.776210 0.028486 0.076613
3 0.766902 0.666331 0.061926 0.082661
3 0.485138 0.540323 0.035917 0.060484
3 0.457271 0.532258 0.037156 0.080645
3 0.244245 0.708669 0.056972 0.102823
4 0.555029 0.633065 0.019816 0.037634
2 0.559158 0.617608 0.019816 0.047043
1 0.467094 0.616263 0.068532 0.092742
1 0.673928 0.661290 0.196513 0.193548
1 0.345719 0.682124 0.169265 0.205645
2 0.642139 0.581989 0.030550 0.064516
5 0.556268 0.723790 0.023945 0.049731
5 0.528607 0.709005 0.024771 0.049731
5 0.502598 0.717742 0.032202 0.045699
5 0.482782 0.712366 0.017339 0.053763
5 0.457186 0.717742 0.027248 0.061828
5 0.343654 0.531586 0.026422 0.060484
5 0.381223 0.548387 0.028899 0.048387
5 0.697873 0.538978 0.026422 0.053763
