6 0.290274 0.286135 0.064250 0.107010
6 0.306133 0.365230 0.095968 0.141129
4 0.691583 0.499552 0.022320 0.035842
4 0.671318 0.518033 0.014684 0.025762
4 0.703330 0.591398 0.044640 0.062724
4 0.681304 0.626120 0.020558 0.038082
4 0.308321 0.569556 0.015859 0.032482
2 0.341508 0.590278 0.051689 0.096326
2 0.653991 0.645721 0.061087 0.097446
2 0.454577 0.553875 0.031131 0.088486
2 0.431963 0.539315 0.035242 0.106407
2 0.488939 0.576837 0.023495 0.078405
2 0.513315 0.573477 0.034655 0.087366
2 0.551200 0.574597 0.023495 0.080645
2 0.563535 0.585797 0.017621 0.062724
1 0.595547 0.557796 0.031131 0.109767
3 0.591435 0.448029 0.025257 0.118728
3 0.513902 0.463710 0.027607 0.125448
3 0.487177 0.467070 0.022320 0.145609
3 0.458983 0.452509 0.022320 0.127688
3 0.436369 0.441308 0.031131 0.123208
3 0.671024 0.734767 0.064611 0.118728
4 0.389672 0.476591 0.022320 0.052643
