6 0.276293 0.337994 0.308601 0.467586
6 0.724154 0.361363 0.767603 0.469710
6 0.758690 0.531320 0.821079 0.663036
4 0.340909 0.601426 0.389929 0.665160
4 0.658645 0.559322 0.665775 0.581416
4 0.669341 0.545725 0.678253 0.576317
4 0.697862 0.527030 0.708556 0.547424
4 0.711229 0.530429 0.717469 0.552523
4 0.701425 0.608609 0.703209 0.632403
4 0.693405 0.612008 0.696079 0.634102
4 0.609625 0.647699 0.617646 0.698685
4 0.647951 0.639201 0.658645 0.656197
4 0.401069 0.622205 0.413547 0.669793
4 0.418895 0.629003 0.422460 0.657896
4 0.403743 0.552523 0.408199 0.586515
4 0.327986 0.506634 0.336006 0.535528
7 0.334225 0.722480 0.351159 0.770068
7 0.305705 0.710583 0.330659 0.771767
2 0.622995 0.635802 0.647059 0.686788
2 0.659536 0.615407 0.679144 0.637501
2 0.703209 0.579716 0.736186 0.606909
4 0.552585 0.574259 0.563478 0.627134
4 0.541691 0.574257 0.554565 0.623356
