3 0.641289 0.714286 0.701549 0.810772
3 0.530041 0.727246 0.568051 0.816532
3 0.456803 0.715726 0.491104 0.799251
5 0.303836 0.658122 0.339992 0.744528
5 0.239869 0.629320 0.287149 0.695564
9 0.215765 0.609159 0.254702 0.666763
1 0.228744 0.531394 0.782204 0.738768
13 0.586592 0.424827 0.646852 0.483871
13 0.585665 0.408986 0.620893 0.465150
13 0.533749 0.410427 0.575467 0.459390
13 0.515208 0.403226 0.555999 0.449308
13 0.439188 0.374424 0.504084 0.433468
13 0.375221 0.357143 0.422501 0.432028
