4 0.271101 0.445564 0.303876 0.530242
4 0.385286 0.616935 0.415947 0.709677
4 0.671806 0.500000 0.694009 0.556452
7 0.559423 0.803091 0.611113 0.899417
7 0.371464 0.786291 0.407294 0.857976
2 0.354430 0.612680 0.384386 0.685485
4 0.685121 0.516353 0.710379 0.554435
2 0.690995 0.533153 0.736810 0.605958
2 0.461333 0.519713 0.508910 0.620519
2 0.520070 0.529794 0.547677 0.629480
3 0.345032 0.673163 0.384386 0.766129
3 0.376750 0.677643 0.410230 0.831093
3 0.564709 0.724687 0.593490 0.853495
3 0.655753 0.430107 0.689233 0.539875
3 0.616399 0.412186 0.642831 0.519713
3 0.518307 0.443548 0.542977 0.536514
3 0.481303 0.454748 0.503623 0.527554
3 0.571171 0.393146 0.592904 0.502912
10 0.478953 0.411066 0.505385 0.476030
10 0.519482 0.406586 0.552376 0.464830
1 0.540627 0.521953 0.606413 0.646281
1 0.609938 0.490591 0.693345 0.623880
1 0.269849 0.471550 0.346208 0.581317
1 0.550025 0.646282 0.616986 0.758289
5 0.547088 0.701165 0.570584 0.789651
5 0.524769 0.709005 0.539453 0.775089
5 0.499511 0.709005 0.518307 0.788531
5 0.470143 0.693324 0.490113 0.777330
