4 0.472921 0.532495 0.492823 0.587049
4 0.452398 0.608397 0.479140 0.648719
4 0.414460 0.588236 0.439960 0.632116
4 0.638353 0.568074 0.657633 0.620256
7 0.662609 0.675997 0.690596 0.747153
5 0.379011 0.610769 0.406998 0.686670
5 0.467946 0.630930 0.490335 0.703273
5 0.539467 0.444735 0.564966 0.537239
5 0.607879 0.597723 0.639597 0.694971
5 0.576160 0.613141 0.599793 0.690227
8 0.652658 0.592979 0.691217 0.706831
8 0.582380 0.375949 0.632134 0.493359
5 0.495310 0.453036 0.530760 0.545540
5 0.450532 0.455408 0.482250 0.552656
5 0.426277 0.482685 0.456751 0.558586
5 0.402644 0.475569 0.420058 0.568075
5 0.335476 0.479127 0.378389 0.565702
