4 0.487396 0.569254 0.026817 0.057530
4 0.456222 0.564780 0.022124 0.066479
4 0.425382 0.554552 0.014079 0.056251
4 0.367056 0.550078 0.023465 0.037075
4 0.397895 0.652992 0.028828 0.051137
4 0.701931 0.651074 0.033521 0.070314
4 0.581590 0.571811 0.020783 0.037075
4 0.567176 0.564780 0.029499 0.038353
4 0.745508 0.564780 0.045589 0.063922
4 0.312081 0.587792 0.052963 0.074149
4 0.265822 0.549439 0.047600 0.069036
8 0.334540 0.537933 0.034862 0.081820
7 0.243363 0.660662 0.028158 0.063922
8 0.250737 0.620392 0.056315 0.098440
8 0.266492 0.645321 0.048941 0.115059
8 0.293644 0.654270 0.049611 0.086934
8 0.308394 0.675364 0.044248 0.090769
8 0.341244 0.664498 0.053634 0.081820
8 0.359681 0.676643 0.040896 0.083098
8 0.684165 0.690706 0.056986 0.077985
8 0.788415 0.642125 0.034862 0.085655
8 0.698579 0.549439 0.040225 0.099718
8 0.720032 0.540490 0.038884 0.115059
8 0.784393 0.530262 0.036203 0.084377
8 0.764615 0.658106 0.054304 0.076706
4 0.740145 0.619753 0.026817 0.056251
