13 0.529621 0.253276 0.599684 0.500252
13 0.606982 0.333921 0.705508 0.515373
13 0.420878 0.258317 0.487292 0.495211
13 0.270535 0.360384 0.404093 0.506552
13 0.607713 0.756048 0.758055 0.849294
13 0.236234 0.740927 0.381468 0.863155
2 0.336238 0.540515 0.371270 0.582758
2 0.277853 0.527073 0.322337 0.567397
2 0.271180 0.571237 0.311772 0.634601
2 0.311216 0.608679 0.371826 0.665323
2 0.624275 0.594279 0.678767 0.673003
2 0.684329 0.580838 0.716580 0.629801
2 0.590912 0.569317 0.620939 0.618280
2 0.644292 0.546274 0.683772 0.587557
2 0.680992 0.525153 0.730480 0.583717
12 0.421871 0.562596 0.598696 0.649002
12 0.421872 0.641321 0.578678 0.710445
12 0.268956 0.653802 0.350140 0.743088
