12 0.735740 0.652721 0.809088 0.725807
2 0.454240 0.733367 0.480011 0.778730
2 0.388822 0.720766 0.413932 0.757308
2 0.593669 0.677924 0.622744 0.748489
4 0.385667 0.687810 0.408439 0.722704
4 0.321416 0.704094 0.362487 0.743641
4 0.300271 0.683933 0.324263 0.716501
1 0.615707 0.598703 0.775217 0.771389
4 0.688338 0.562763 0.709483 0.596950
1 0.571577 0.571528 0.711781 0.676717
1 0.306791 0.647681 0.372430 0.740927
1 0.286087 0.550236 0.443356 0.661963
1 0.424854 0.586357 0.463180 0.672883
1 0.450405 0.593917 0.492255 0.669522
1 0.478599 0.593919 0.520890 0.679604
1 0.508995 0.589718 0.553489 0.667843
1 0.548643 0.571237 0.581683 0.673724
