4 0.559834 0.491711 0.585800 0.570117
4 0.541009 0.491712 0.567624 0.571237
4 0.518938 0.529794 0.541009 0.574596
4 0.464409 0.530914 0.492972 0.575716
4 0.448829 0.495072 0.472849 0.579076
4 0.428705 0.510753 0.461163 0.563396
4 0.712385 0.436828 0.744193 0.497312
4 0.441688 0.616039 0.461812 0.666442
4 0.453373 0.619399 0.478691 0.663082
4 0.475444 0.622760 0.496866 0.654122
4 0.492972 0.622760 0.511797 0.655242
7 0.583204 0.717966 0.619556 0.809812
7 0.619556 0.664203 0.661751 0.740368
5 0.250189 0.376344 0.300823 0.471550
4 0.320297 0.473790 0.364439 0.538754
8 0.265769 0.571236 0.311209 0.626120
8 0.237205 0.543234 0.293032 0.620520
8 0.352105 0.411067 0.411179 0.523073
8 0.574116 0.414426 0.629943 0.518593
8 0.705894 0.549955 0.748089 0.645161
8 0.720823 0.516354 0.773404 0.627240
8 0.585152 0.605959 0.662400 0.713485
8 0.553991 0.617159 0.627995 0.766129
8 0.404038 0.629480 0.459216 0.766130
