6 0.730936 0.537634 0.787911 0.655242
6 0.246941 0.540994 0.307439 0.659722
4 0.341508 0.637321 0.400246 0.705645
4 0.627559 0.593638 0.691583 0.689964
4 0.664563 0.500673 0.690995 0.547716
4 0.640481 0.528674 0.655753 0.560036
4 0.615811 0.527554 0.634607 0.586918
4 0.604651 0.537635 0.625209 0.588037
4 0.356779 0.497312 0.415517 0.574597
4 0.402595 0.499553 0.427851 0.549956
4 0.497162 0.589158 0.515958 0.630600
2 0.531817 0.592518 0.557661 0.637320
2 0.548851 0.573476 0.575283 0.627239
7 0.658690 0.735887 0.706855 0.794131
7 0.302741 0.722446 0.352081 0.778450
7 0.332343 0.741767 0.380801 0.797211
6 0.297456 0.290099 0.357955 0.414427
