7 0.698030 0.646223 0.728079 0.707767
7 0.614562 0.283319 0.655184 0.372453
2 0.650731 0.413837 0.693022 0.490237
4 0.620127 0.431876 0.647393 0.483872
4 0.595642 0.436121 0.629030 0.502972
4 0.560586 0.492360 0.578948 0.553905
4 0.548899 0.487055 0.570044 0.550721
4 0.532206 0.489177 0.557804 0.553905
4 0.507165 0.508277 0.529980 0.551783
4 0.447068 0.462648 0.472664 0.541171
4 0.462649 0.496604 0.482125 0.537988
4 0.284582 0.490238 0.338002 0.552844
4 0.292373 0.382224 0.347461 0.449916
4 0.334663 0.453099 0.385301 0.491299
4 0.400882 0.459465 0.420914 0.504032
4 0.382518 0.463710 0.401994 0.505094
4 0.582287 0.574067 0.605658 0.614389
4 0.609436 0.587198 0.619568 0.603158
4 0.612961 0.566196 0.636750 0.618280
4 0.629261 0.557795 0.648643 0.610719
4 0.692696 0.489751 0.741595 0.555275
4 0.664943 0.533433 0.696221 0.605679
5 0.640273 0.381384 0.655251 0.436828
5 0.384766 0.413306 0.401506 0.452790
5 0.340272 0.373824 0.364060 0.422546
9 0.282122 0.529234 0.313400 0.578797
2 0.405471 0.578797 0.433224 0.615759
2 0.491374 0.498991 0.505471 0.546874
8 0.304590 0.589718 0.373312 0.682964
8 0.290052 0.552755 0.359656 0.647681
8 0.653929 0.601478 0.721330 0.688004
8 0.659216 0.534274 0.744680 0.672044
8 0.407233 0.376344 0.451727 0.495632
8 0.694018 0.317541 0.738070 0.429268
