6 0.710932 0.539702 0.816253 0.699442
6 0.200528 0.573821 0.287846 0.727357
7 0.690887 0.674396 0.749399 0.752016
4 0.664557 0.554436 0.694983 0.591734
4 0.324603 0.600806 0.356199 0.657258
4 0.319921 0.582661 0.339230 0.637096
4 0.645833 0.584677 0.673919 0.614919
4 0.618332 0.510081 0.645247 0.572581
4 0.587321 0.505040 0.607215 0.570564
2 0.599024 0.589718 0.668068 0.663306
2 0.663387 0.576612 0.699079 0.615927
2 0.565672 0.527218 0.601364 0.608870
2 0.310560 0.486895 0.365561 0.571573
2 0.288911 0.546371 0.329284 0.653226
2 0.339231 0.599799 0.380189 0.677419
2 0.366146 0.628024 0.411200 0.684476
2 0.424658 0.685484 0.445722 0.721774
2 0.516521 0.553427 0.543436 0.617943
2 0.435190 0.561492 0.470882 0.620968
2 0.417052 0.549395 0.435191 0.611895
4 0.407104 0.552419 0.428754 0.579637
3 0.566257 0.418347 0.588492 0.543347
3 0.511841 0.426411 0.538171 0.568549
3 0.371997 0.409274 0.404764 0.533266
3 0.261995 0.612903 0.319337 0.741935
3 0.355029 0.677419 0.398328 0.789315
3 0.613652 0.654234 0.682111 0.756049
7 0.351808 0.779810 0.381482 0.817972
1 0.356039 0.521564 0.422183 0.615358
