0 0.709686 0.724028 0.043274 0.107922
0 0.674998 0.736480 0.045335 0.109108
5 0.711747 0.676589 0.026789 0.041509
5 0.688736 0.687263 0.023354 0.043880
1 0.683928 0.648126 0.061820 0.098435
13 0.673968 0.372391 0.096851 0.213472
13 0.588450 0.316651 0.100286 0.256167
13 0.430465 0.330882 0.098912 0.246679
13 0.313694 0.392552 0.109902 0.168406
13 0.299269 0.802894 0.146994 0.116224
3 0.353534 0.758420 0.048082 0.122154
3 0.286905 0.726992 0.083801 0.097249
12 0.495600 0.571717 0.556332 0.175691
12 0.511448 0.635801 0.573013 0.180012
