4 0.314758 0.578125 0.043348 0.087702
4 0.358899 0.697077 0.021674 0.031250
4 0.436873 0.536794 0.020088 0.039315
3 0.427771 0.465576 0.025844 0.148596
3 0.598696 0.464830 0.034851 0.103793
4 0.601242 0.506646 0.043074 0.058990
3 0.637463 0.754555 0.023103 0.139636
3 0.427183 0.764636 0.035634 0.146356
3 0.357286 0.754182 0.039941 0.104540
3 0.531344 0.499179 0.019971 0.123208
3 0.478480 0.480884 0.021537 0.083632
3 0.344951 0.503659 0.045815 0.109767
4 0.629631 0.680630 0.034851 0.053017
8 0.763161 0.691458 0.045815 0.082139
8 0.528995 0.498059 0.041116 0.131422
8 0.477110 0.484618 0.043857 0.109020
1 0.400556 0.670923 0.110818 0.097820
1 0.389395 0.579450 0.111209 0.114994
1 0.662524 0.546222 0.178953 0.135155
