6 0.204100 0.393395 0.058824 0.146755
7 0.223453 0.763586 0.042017 0.069224
7 0.347594 0.784354 0.033104 0.039557
4 0.730201 0.479768 0.014006 0.055379
1 0.360963 0.557892 0.215177 0.081091
1 0.312580 0.649861 0.174433 0.118670
1 0.648077 0.548992 0.188439 0.083069
5 0.421441 0.684473 0.007639 0.037579
5 0.467278 0.686451 0.005093 0.033623
5 0.558951 0.679529 0.002546 0.031645
5 0.536033 0.680518 0.002546 0.025712
5 0.593965 0.669640 0.003820 0.031645
5 0.625159 0.682495 0.005093 0.041534
7 0.449453 0.433289 0.025465 0.053401
3 0.446269 0.468890 0.011459 0.061313
