2 0.401959 0.682603 0.426999 0.737327
2 0.587803 0.659562 0.634542 0.707565
2 0.623413 0.596198 0.685732 0.704685
2 0.667926 0.570277 0.712996 0.651882
2 0.671265 0.519393 0.702981 0.561636
2 0.633985 0.543395 0.669039 0.587557
2 0.590584 0.530914 0.627308 0.617320
2 0.533274 0.568356 0.553304 0.608680
2 0.506566 0.576037 0.531048 0.627881
2 0.505454 0.599078 0.523259 0.642282
2 0.489874 0.588518 0.509348 0.639401
2 0.454819 0.583718 0.471511 0.623081
2 0.396395 0.556836 0.438683 0.619240
2 0.333520 0.522274 0.382486 0.589478
3 0.335746 0.414746 0.378034 0.519393
3 0.497107 0.479070 0.529379 0.594278
3 0.651791 0.675883 0.719673 0.745007
7 0.684062 0.735406 0.707988 0.777649
1 0.319054 0.603878 0.415314 0.723886
