6 0.735669 0.346522 0.778681 0.467490
6 0.743609 0.565777 0.809781 0.704385
6 0.210264 0.554435 0.286362 0.710685
4 0.650307 0.617439 0.701259 0.710685
4 0.322096 0.646421 0.379665 0.689264
4 0.543770 0.531754 0.562960 0.590978
4 0.483554 0.531754 0.500097 0.585938
7 0.303567 0.734627 0.357828 0.791331
7 0.673467 0.729587 0.711847 0.788811
4 0.561638 0.509072 0.586782 0.582157
8 0.349887 0.456149 0.379003 0.543095
8 0.327388 0.439769 0.357166 0.516633
8 0.668173 0.439769 0.694643 0.520413
8 0.687363 0.434727 0.711185 0.512852
8 0.557005 0.414566 0.603987 0.568296
4 0.282392 0.481351 0.320110 0.544355
