4 0.545761 0.533014 0.036344 0.095766
4 0.496862 0.549395 0.033701 0.090726
4 0.307093 0.507056 0.028018 0.050403
4 0.754055 0.687500 0.016916 0.050403
4 0.726037 0.492944 0.017974 0.042339
4 0.763570 0.643145 0.025375 0.046371
8 0.759605 0.432964 0.039648 0.079637
8 0.337489 0.766633 0.052864 0.138105
8 0.354934 0.473286 0.033833 0.083669
8 0.260837 0.694052 0.032775 0.045363
2 0.284626 0.654234 0.067665 0.088710
2 0.310793 0.553427 0.047049 0.078629
2 0.336168 0.535786 0.024846 0.079637
2 0.380837 0.549899 0.031718 0.077621
2 0.441102 0.539315 0.015859 0.044355
2 0.462776 0.536794 0.031718 0.087702
2 0.522512 0.547883 0.024317 0.063508
2 0.603129 0.524698 0.016388 0.053427
2 0.631147 0.530746 0.044934 0.075605
2 0.654935 0.534778 0.031190 0.067540
2 0.671323 0.534274 0.029075 0.082661
2 0.707006 0.531754 0.060265 0.087702
2 0.774672 0.603831 0.031718 0.050403
2 0.681103 0.657762 0.046520 0.087702
1 0.731852 0.650202 0.071895 0.120968
3 0.751676 0.729335 0.067137 0.077621
8 0.215110 0.659778 0.057621 0.049395
8 0.228326 0.677923 0.045991 0.059476
