8 0.664884 0.497625 0.024955 0.065717
8 0.431707 0.500515 0.030080 0.146588
3 0.430036 0.501577 0.011141 0.097725
3 0.490196 0.514324 0.015597 0.127468
3 0.597148 0.519635 0.015597 0.133841
8 0.491867 0.515386 0.021168 0.172081
4 0.700758 0.584431 0.008913 0.042489
4 0.624629 0.649513 0.008913 0.024077
5 0.402184 0.666508 0.005199 0.026910
5 0.430407 0.675714 0.006684 0.036824
5 0.460116 0.672882 0.006684 0.036824
5 0.487968 0.675006 0.005942 0.043905
5 0.510621 0.676423 0.003714 0.035408
5 0.538844 0.684920 0.006684 0.032575
5 0.562983 0.682796 0.010398 0.039657
5 0.596405 0.679963 0.005942 0.031159
5 0.624257 0.665092 0.006684 0.024077
5 0.713384 0.565243 0.005199 0.033991
