4 0.743824 0.639401 0.024166 0.048003
2 0.306063 0.537634 0.051857 0.074885
4 0.289952 0.502112 0.022656 0.030722
2 0.347347 0.552995 0.045815 0.086406
2 0.383093 0.579877 0.033732 0.067204
2 0.500651 0.634601 0.023159 0.067204
2 0.515252 0.631240 0.019132 0.048963
2 0.327460 0.630760 0.060416 0.074885
2 0.382086 0.657162 0.059912 0.068164
2 0.426139 0.668203 0.027187 0.036482
2 0.408266 0.678283 0.026684 0.052803
2 0.434446 0.602919 0.021649 0.067204
2 0.621734 0.673963 0.038767 0.042243
2 0.661508 0.649002 0.053871 0.061444
3 0.630293 0.492992 0.023663 0.123848
3 0.412042 0.507392 0.032222 0.121928
1 0.670318 0.562116 0.151039 0.143049
1 0.718903 0.631240 0.077030 0.108487
