4 0.717027 0.456594 0.044157 0.137571
4 0.278570 0.453629 0.034206 0.060484
4 0.398601 0.474383 0.023011 0.066414
4 0.522675 0.489801 0.032340 0.042694
7 0.811248 0.620256 0.043535 0.104364
3 0.773933 0.604839 0.097020 0.111480
2 0.743148 0.541390 0.069034 0.129269
2 0.567143 0.493952 0.024255 0.077087
2 0.547552 0.502253 0.018658 0.050996
2 0.518011 0.509369 0.019280 0.050996
2 0.503395 0.508183 0.019902 0.069972
2 0.477586 0.502253 0.018036 0.072343
2 0.643329 0.565109 0.027365 0.053368
3 0.712673 0.376542 0.037937 0.117410
7 0.724801 0.319616 0.057217 0.048624
