4 0.231403 0.640841 0.295595 0.717166
4 0.747955 0.542914 0.781184 0.590437
4 0.459472 0.586117 0.473820 0.636520
4 0.467779 0.590438 0.486659 0.626440
7 0.689051 0.725806 0.735873 0.800692
4 0.272939 0.511233 0.303901 0.580357
4 0.507804 0.587558 0.531216 0.640841
4 0.353640 0.675883 0.376800 0.724847
2 0.356660 0.652842 0.402979 0.709486
2 0.306315 0.636521 0.362199 0.710446
8 0.672332 0.516513 0.707072 0.633640
8 0.701533 0.675883 0.736775 0.763249
8 0.667297 0.691244 0.712609 0.778610
5 0.228278 0.697004 0.295742 0.755568
