13 0.433118 0.704459 0.665718 0.807637
13 0.383985 0.780361 0.693082 0.890655
3 0.385852 0.243122 0.413216 0.349858
3 0.727910 0.264469 0.778286 0.379507
4 0.365951 0.383064 0.387095 0.419830
4 0.724025 0.343928 0.759629 0.456594
2 0.611610 0.431689 0.636487 0.500475
1 0.365950 0.371205 0.429386 0.485057
4 0.382879 0.524866 0.399795 0.563172
8 0.763144 0.256720 0.797682 0.377016
13 0.899394 0.250576 0.961824 0.433948
5 0.270795 0.560959 0.319927 0.640417
5 0.399534 0.587049 0.434984 0.645161
5 0.712363 0.566888 0.757141 0.628558
5 0.467946 0.348672 0.494066 0.407970
5 0.433740 0.314279 0.460482 0.392553
