4 0.322227 0.569274 0.019196 0.047348
4 0.246812 0.587030 0.046620 0.059186
4 0.342109 0.639113 0.020568 0.049716
4 0.467572 0.637930 0.010969 0.042614
4 0.802825 0.576377 0.023310 0.028409
9 0.703414 0.500619 0.010969 0.042614
5 0.283148 0.642665 0.020568 0.047348
5 0.227616 0.598867 0.032908 0.049716
5 0.577951 0.678176 0.006856 0.056818
5 0.541615 0.671074 0.000000 0.052083
5 0.444262 0.667523 0.010969 0.073390
5 0.400384 0.662788 0.013712 0.059186
5 0.361305 0.656869 0.006856 0.061553
5 0.771288 0.640297 0.020568 0.047348
5 0.691074 0.704218 0.008227 0.071023
5 0.615659 0.676992 0.005485 0.049716
5 0.640340 0.562172 0.008227 0.056818
5 0.671192 0.530212 0.006856 0.049716
7 0.805567 0.750382 0.056218 0.082860
7 0.203620 0.690013 0.037022 0.080492
7 0.315371 0.756301 0.043878 0.042614
