6 0.229908 0.338962 0.316178 0.492692
7 0.643200 0.754788 0.673964 0.816532
4 0.662817 0.496700 0.684704 0.550769
4 0.300472 0.502199 0.322844 0.542523
2 0.306794 0.526026 0.337922 0.582844
2 0.369050 0.493951 0.411851 0.573680
2 0.522742 0.532442 0.547547 0.574596
2 0.581592 0.526026 0.620016 0.581928
2 0.626339 0.530608 0.641903 0.568182
2 0.636553 0.516862 0.655035 0.564516
2 0.668653 0.583761 0.716317 0.657075
2 0.713399 0.558102 0.761063 0.620418
2 0.572352 0.615836 0.596670 0.654326
2 0.618557 0.607588 0.668167 0.679986
2 0.302903 0.594758 0.360295 0.649744
4 0.292202 0.602090 0.311657 0.641496
3 0.572838 0.662573 0.597156 0.796371
3 0.600561 0.662574 0.632175 0.781709
3 0.633634 0.677236 0.690539 0.783542
3 0.675949 0.648827 0.737232 0.735887
3 0.375372 0.412390 0.396286 0.508614
