3 0.626513 0.476941 0.023236 0.124748
3 0.652736 0.466230 0.030538 0.141129
3 0.602614 0.473160 0.037841 0.114667
3 0.528592 0.476310 0.029211 0.093246
3 0.550499 0.510333 0.027883 0.131048
3 0.493738 0.470010 0.021908 0.073085
3 0.334408 0.432208 0.041824 0.098286
3 0.505356 0.791331 0.015933 0.070565
2 0.318143 0.521673 0.037177 0.103327
2 0.347022 0.544355 0.029874 0.080645
2 0.313164 0.594758 0.036513 0.080645
2 0.400795 0.567036 0.023236 0.055444
2 0.427351 0.573967 0.039169 0.071825
2 0.396812 0.659652 0.043152 0.049143
2 0.521621 0.701235 0.020580 0.054183
2 0.622862 0.577747 0.031866 0.079385
2 0.660039 0.562626 0.038505 0.069304
2 0.693233 0.533644 0.039833 0.079385
2 0.622862 0.667843 0.033194 0.063004
2 0.664354 0.635711 0.036513 0.086946
2 0.538882 0.596018 0.027219 0.070565
4 0.733397 0.473160 0.041824 0.081905
4 0.647093 0.643901 0.027219 0.045363
1 0.508011 0.713206 0.026555 0.073085
1 0.593319 0.580267 0.039169 0.084425
1 0.517638 0.588458 0.040496 0.120968
1 0.488759 0.581527 0.041160 0.119708
