4 0.689153 0.485761 0.017841 0.044103
4 0.724176 0.449219 0.027093 0.056704
4 0.755563 0.403856 0.038326 0.056704
4 0.679902 0.602949 0.020485 0.049143
4 0.642237 0.520413 0.020485 0.045363
4 0.658426 0.493322 0.021145 0.039062
4 0.365694 0.597278 0.027753 0.052923
4 0.275826 0.497732 0.026432 0.040323
2 0.287720 0.426537 0.060793 0.066784
2 0.379240 0.507812 0.025771 0.057964
2 0.330011 0.593498 0.031718 0.078125
2 0.378580 0.643901 0.036344 0.037802
2 0.383866 0.599798 0.041630 0.045363
2 0.416906 0.636971 0.041630 0.069304
2 0.644880 0.652092 0.033701 0.046623
2 0.655783 0.609249 0.034361 0.074345
2 0.661906 0.517619 0.019766 0.056978
