4 0.221637 0.516633 0.033572 0.068044
4 0.242802 0.546875 0.040870 0.080645
4 0.359209 0.580267 0.021165 0.046623
4 0.335124 0.574597 0.022624 0.068044
4 0.468682 0.614289 0.024084 0.041583
4 0.539839 0.598538 0.024814 0.040323
4 0.733971 0.672883 0.042330 0.105847
4 0.781410 0.615549 0.036491 0.046623
4 0.325637 0.690524 0.060575 0.060484
4 0.688722 0.686744 0.032112 0.075605
4 0.669017 0.686744 0.023354 0.042843
2 0.499334 0.622480 0.021165 0.045363
2 0.305932 0.585307 0.054737 0.076865
9 0.699305 0.729587 0.019705 0.035282
9 0.314325 0.724546 0.035031 0.060484
7 0.313601 0.789358 0.024370 0.060484
7 0.284662 0.772265 0.029447 0.050842
5 0.729916 0.485186 0.035539 0.116585
5 0.699200 0.518058 0.026908 0.092917
5 0.721792 0.536466 0.033508 0.080645
5 0.629137 0.514551 0.036047 0.119215
5 0.282885 0.706960 0.035031 0.093794
5 0.265877 0.699947 0.039601 0.099053
5 0.450385 0.525972 0.048082 0.131641
5 0.368645 0.512334 0.032971 0.132827
