4 0.642124 0.695565 0.017118 0.027842
3 0.372016 0.489151 0.031718 0.102727
3 0.685422 0.771409 0.065450 0.116167
2 0.713616 0.650442 0.041284 0.070084
2 0.710595 0.580357 0.028194 0.056644
2 0.665032 0.683564 0.043801 0.084485
2 0.631552 0.679243 0.013090 0.025922
2 0.652445 0.598598 0.032725 0.070084
2 0.632055 0.606279 0.019132 0.043203
2 0.520035 0.635561 0.014600 0.042243
2 0.417076 0.593798 0.043298 0.060484
2 0.375792 0.579877 0.062429 0.103687
2 0.411035 0.690284 0.033229 0.049923
2 0.348857 0.663402 0.050850 0.067204
