2 0.324616 0.573005 0.049781 0.078523
2 0.697363 0.559211 0.014750 0.042445
2 0.685993 0.552313 0.017823 0.056239
2 0.691217 0.650997 0.051625 0.056239
2 0.606711 0.578841 0.019052 0.051995
2 0.592883 0.577780 0.031958 0.056239
2 0.410658 0.580963 0.036261 0.073217
4 0.410658 0.551783 0.023969 0.033956
4 0.706889 0.551783 0.021510 0.033956
3 0.474575 0.519949 0.026427 0.089134
3 0.506227 0.504032 0.022125 0.072156
3 0.538185 0.523132 0.020896 0.101868
3 0.560925 0.482279 0.014750 0.054117
1 0.506841 0.600064 0.110625 0.107173
9 0.715493 0.693973 0.043636 0.042445
5 0.601180 0.753396 0.032573 0.059423
5 0.561847 0.735357 0.022740 0.065789
5 0.533883 0.732704 0.020896 0.060484
5 0.509914 0.725276 0.015979 0.073217
5 0.491784 0.727398 0.023969 0.068973
5 0.463206 0.724215 0.017208 0.064728
