0 0.476646 0.454637 0.052547 0.159274
1 0.592249 0.658266 0.096920 0.127016
1 0.475478 0.581653 0.036199 0.086694
1 0.377974 0.588710 0.144796 0.129032
5 0.627281 0.721774 0.040870 0.068548
8 0.396657 0.727823 0.046709 0.112903
3 0.384980 0.487903 0.030361 0.088710
3 0.321340 0.502016 0.068895 0.080645
5 0.546709 0.743952 0.033864 0.068548
5 0.519267 0.730847 0.014013 0.078629
5 0.494745 0.734879 0.030361 0.070565
5 0.475478 0.715726 0.031528 0.064516
5 0.448037 0.712702 0.025690 0.070565
5 0.550796 0.532258 0.030361 0.092742
5 0.523354 0.545363 0.017516 0.062500
