12 0.437163 0.654466 0.604236 0.738213
2 0.396840 0.643146 0.441213 0.697581
2 0.509524 0.593750 0.532294 0.654234
2 0.494344 0.596774 0.519450 0.644154
2 0.611115 0.567541 0.633885 0.613911
2 0.675339 0.527218 0.711539 0.592742
2 0.723799 0.513104 0.748905 0.552419
2 0.297001 0.610888 0.361225 0.694557
2 0.361809 0.631049 0.399759 0.677419
13 0.292330 0.323589 0.396840 0.498991
13 0.422530 0.247984 0.501351 0.457661
13 0.531710 0.254032 0.594183 0.473790
13 0.640308 0.323588 0.719129 0.495968
13 0.674756 0.720766 0.824806 0.841734
13 0.637973 0.778226 0.778682 0.891128
13 0.153955 0.719758 0.326777 0.832661
13 0.197161 0.776210 0.366479 0.901210
3 0.284156 0.678427 0.312180 0.763105
10 0.534000 0.462450 0.568302 0.501512
