4 0.611665 0.511713 0.022656 0.053763
4 0.479506 0.539555 0.022152 0.057604
3 0.457605 0.441628 0.021649 0.099846
3 0.603358 0.423387 0.019132 0.053763
3 0.568619 0.454109 0.019132 0.061444
3 0.454081 0.697485 0.025677 0.137289
2 0.450053 0.625000 0.027690 0.069124
1 0.601092 0.518913 0.037760 0.123848
1 0.567864 0.526114 0.038767 0.092166
1 0.458612 0.541955 0.033732 0.087366
1 0.568871 0.635561 0.036753 0.078725
1 0.400966 0.635081 0.082568 0.100806
8 0.424628 0.480031 0.041284 0.142089
3 0.485296 0.457469 0.023663 0.089286
