7 0.393785 0.738127 0.426677 0.819893
4 0.254576 0.558916 0.285708 0.627240
4 0.222858 0.514112 0.254576 0.584677
4 0.323887 0.523073 0.359717 0.580197
4 0.344444 0.553316 0.374987 0.598118
4 0.595253 0.581318 0.616986 0.630601
4 0.417279 0.542115 0.450172 0.607079
4 0.407293 0.555556 0.426677 0.585798
8 0.531230 0.612679 0.570584 0.735887
8 0.493050 0.584677 0.543564 0.740367
8 0.393197 0.653002 0.468968 0.790771
8 0.313314 0.464830 0.350906 0.560036
8 0.372639 0.492832 0.407881 0.557796
8 0.631670 0.598118 0.682772 0.750448
8 0.696281 0.582437 0.782039 0.703405
8 0.752669 0.538755 0.818455 0.642921
8 0.685122 0.418907 0.755606 0.539875
