4 0.258985 0.421265 0.306283 0.476443
4 0.286251 0.502971 0.331881 0.584677
4 0.302389 0.447793 0.336889 0.478565
4 0.629030 0.597410 0.652401 0.634549
7 0.353026 0.722623 0.416462 0.805391
3 0.684119 0.319397 0.716951 0.447793
3 0.360353 0.664137 0.426899 0.769687
2 0.379011 0.597723 0.438094 0.664137
2 0.337963 0.574004 0.388339 0.621442
2 0.302514 0.550285 0.344183 0.592979
2 0.341695 0.498103 0.390205 0.547913
2 0.291941 0.457780 0.344805 0.523008
2 0.689972 0.439991 0.735374 0.530123
2 0.640842 0.472012 0.696192 0.551470
2 0.693705 0.508777 0.747811 0.588236
2 0.638976 0.563330 0.693705 0.616698
