13 0.340591 0.376928 0.070028 0.118709
13 0.453272 0.306581 0.066208 0.202246
13 0.536033 0.295590 0.050929 0.219832
13 0.643621 0.395614 0.118411 0.076941
13 0.710466 0.784717 0.134963 0.085735
13 0.303030 0.780320 0.145149 0.085735
2 0.359053 0.627537 0.030558 0.043966
2 0.648003 0.647321 0.023068 0.035173
4 0.629129 0.657099 0.014680 0.030777
2 0.355458 0.560244 0.029359 0.047070
3 0.341302 0.490544 0.007340 0.074226
3 0.351064 0.477921 0.014280 0.074325
3 0.640663 0.492355 0.008388 0.099571
3 0.654818 0.498691 0.007340 0.090519
2 0.651148 0.568391 0.035651 0.045260
4 0.676089 0.561981 0.004244 0.014655
4 0.668874 0.651380 0.011884 0.011724
5 0.401070 0.701941 0.005942 0.036639
5 0.430354 0.707803 0.003395 0.033708
