0 0.367986 0.788450 0.057552 0.148329
0 0.319192 0.763969 0.068395 0.145449
0 0.674928 0.758929 0.057552 0.167051
13 0.697448 0.450749 0.104260 0.158410
13 0.576089 0.369384 0.088413 0.260657
13 0.432210 0.354983 0.112601 0.263537
13 0.325865 0.478831 0.135121 0.188652
13 0.703703 0.820132 0.140126 0.108007
13 0.692860 0.862615 0.131785 0.152650
13 0.262475 0.825893 0.143462 0.105127
13 0.267062 0.862615 0.130951 0.129608
12 0.507694 0.625720 0.438726 0.116647
12 0.558156 0.695565 0.387847 0.118088
