7 0.285526 0.689042 0.333640 0.772058
7 0.269029 0.674810 0.303397 0.731736
9 0.285526 0.647533 0.328141 0.693785
9 0.676620 0.655835 0.702051 0.703273
5 0.682119 0.438804 0.708238 0.520636
5 0.647065 0.453037 0.678683 0.526566
5 0.650501 0.655834 0.680744 0.697344
5 0.531593 0.667694 0.553588 0.735294
5 0.510973 0.665322 0.534342 0.729364
5 0.490352 0.665322 0.513034 0.729364
5 0.475919 0.671252 0.495163 0.730550
5 0.457361 0.666508 0.473169 0.731736
2 0.614073 0.595351 0.644316 0.647533
2 0.660812 0.575190 0.689680 0.629744
2 0.703427 0.508776 0.737107 0.558586
2 0.244286 0.469639 0.288963 0.540796
2 0.319893 0.592979 0.347386 0.642789
