6 0.729131 0.284778 0.793229 0.457409
6 0.235517 0.293598 0.314812 0.470009
6 0.186619 0.594758 0.301597 0.749748
6 0.745651 0.577117 0.846753 0.748487
4 0.345870 0.638861 0.365034 0.689264
2 0.685519 0.575857 0.738383 0.671623
2 0.721863 0.496472 0.754903 0.565776
2 0.642567 0.543095 0.672964 0.599799
2 0.607545 0.521674 0.651157 0.601059
2 0.526928 0.553176 0.553360 0.622480
2 0.498514 0.555695 0.531554 0.612399
2 0.483316 0.555695 0.507104 0.613659
2 0.468117 0.554435 0.494549 0.604838
2 0.273183 0.497732 0.318117 0.556956
2 0.623404 0.622479 0.663052 0.700604
2 0.343888 0.609879 0.407984 0.667843
2 0.308205 0.574597 0.343227 0.633821
