2 0.472424 0.620756 0.499466 0.691850
2 0.529581 0.639856 0.559695 0.686545
2 0.601487 0.630305 0.640821 0.676994
2 0.667863 0.603777 0.704738 0.650466
2 0.704738 0.575127 0.742228 0.645161
2 0.636519 0.618634 0.660488 0.672751
2 0.673393 0.648344 0.720103 0.698218
2 0.614394 0.673812 0.646966 0.713072
2 0.361798 0.663200 0.406664 0.712012
2 0.281288 0.632428 0.332914 0.683362
2 0.273299 0.564517 0.313247 0.620756
2 0.322466 0.568761 0.378392 0.635611
2 0.384538 0.605900 0.430017 0.666384
13 0.630987 0.338498 0.731779 0.543294
13 0.528351 0.278014 0.626685 0.542233
13 0.387612 0.247241 0.476112 0.499788
13 0.258549 0.353353 0.377164 0.521011
13 0.622383 0.755518 0.747758 0.892402
13 0.246871 0.777801 0.393757 0.900891
