2 0.622182 0.487428 0.666339 0.565701
2 0.593575 0.473197 0.632134 0.557400
2 0.561234 0.485057 0.594196 0.553843
2 0.545686 0.500475 0.569319 0.546727
2 0.521431 0.486243 0.566832 0.517077
2 0.520188 0.507590 0.543198 0.571632
2 0.481628 0.490986 0.505883 0.560958
2 0.466701 0.498103 0.490335 0.540797
2 0.449910 0.480313 0.472299 0.558586
2 0.431252 0.487429 0.460482 0.537239
3 0.597927 0.321395 0.625293 0.487429
3 0.571186 0.367647 0.594196 0.477941
3 0.393314 0.373577 0.418814 0.498103
4 0.385230 0.489800 0.419436 0.525379
4 0.705521 0.585864 0.739727 0.630930
8 0.654523 0.388995 0.686863 0.533682
8 0.368438 0.585863 0.411973 0.699715
8 0.283234 0.578747 0.346048 0.651091
